Data_416 liseron_20 pop               
SSR_CLA02, SSR_CLA16, SSR_CLA19, SSR_CLA22, SSR_CLA26, SSR_CLA35, SSR_CLA40, SSR_CLA43, SSR_CLA58, SSR_CLA70, SSR_CLA72, SSR_CLA82, SSR_CLA83, SSR_CLA91, SSR_CLA94, SSR_CLA96  
Pop                 
Alhama , 118118 171177 181181 205205 226226 294294 123129 143143 151151 145147 199199 175175 176176 193205 238238 181181
Alhama , 118118 179179 181181 205207 226226 294294 144144 137137 151151 141147 199199 163169 179179 196205 235235 181181
Alhama , 118120 177181 181181 205213 224226 294296 129129 143145 151151 133147 199199 175175 173176 175193 238238 181181
Alhama , 118118 177177 181181 213213 224226 290300 129132 137145 151151 145147 199199 169175 176176 205208 235235 181181
Alhama , 118118 171177 181181 205213 226226 290300 129129 137137 151155 147147 000000 181192 176176 205205 235235 181181
Alhama , 126126 179181 181181 205211 226226 290290 129132 137145 151151 133145 199199 181195 176176 193205 238238 181181
Alhama , 118118 177181 181181 205213 226226 288300 132132 145145 151151 145147 199199 175192 176176 205208 235235 181181
Alhama , 118126 179181 181181 205207 226226 290294 126126 137145 151151 137137 199202 154172 176179 193205 238238 181181
Alhama , 118120 177179 181181 205213 224226 288288 129132 137137 151151 145147 202202 181189 173176 205205 238238 181181
Alhama , 118118 179181 181181 205207 226226 290296 129132 145145 151155 141145 199199 181181 179179 205205 235235 181181
Alhama , 118126 179179 181181 211213 226226 290300 129132 145145 151151 141141 199199 172181 176179 202205 238238 181181
Alhama , 118118 179181 181181 205205 224226 294294 129132 137143 151151 145145 199202 181189 176176 202202 235235 181181
Alhama , 118118 177181 181181 205207 226226 288300 129132 145145 151155 133147 187187 175189 176176 187205 238238 181181
Alhama , 118120 171177 181181 205213 226226 290294 129129 145145 151151 145145 199199 181181 182182 193193 238238 181181
Alhama , 118120 171179 179181 205205 226226 290290 126129 143143 151151 141145 199199 181189 176176 205214 238238 181181
Pop                 
Rute , 118118 177177 181181 213215 226226 290292 129129 155155 151153 143147 199199 187189 167182 193193 238238 181184
Rute , 118118 177177 181181 205213 226226 290292 129129 153153 151151 143147 199199 187189 179182 202202 238244 181184
Rute , 118118 177177 181181 207215 226226 290292 129132 137137 153153 147147 199199 187189 176182 193193 238238 181181
Rute , 118118 177177 181181 215215 226226 292292 129129 137137 151153 143147 199199 000000 182182 193193 223223 181184
Rute , 118118 177177 181181 207213 222226 292292 129129 137145 153153 139147 199199 157192 167182 193193 238238 181184
Rute , 118118 177177 181181 207207 226226 292294 129129 145153 151151 143143 199199 187189 179179 193199 238238 181184
Rute , 118118 177177 181181 213213 226226 276292 129129 145145 151153 141141 199199 175175 167176 193202 238238 181181
Rute , 118118 177177 181181 205213 226226 292292 129132 137137 151151 147147 000000 000000 167167 193193 238238 181181
Rute , 118118 177177 181181 207207 226226 286294 129129 139153 151151 141143 199199 000000 167182 199202 244244 181181
Rute , 118118 177177 181181 207213 222226 292294 129129 137153 151153 139143 199199 000000 179179 193199 238238 181184
Rute , 118118 177177 181181 207213 226226 286294 129129 139153 151153 141143 199199 000000 167182 199202 244244 181184
Rute , 118118 177177 181181 207207 226226 292294 129129 153153 151151 141143 199199 187189 167179 199202 238238 181181
Rute , 118118 177177 181181 207207 226226 292294 129129 000000 151151 143143 199199 175187 167182 193202 244244 181181
Rute , 118118 177177 181181 207213 226226 290292 129132 153153 151153 143147 199199 187189 182182 193199 238238 181181
Pop                 
Marbella , 118118 179179 181181 205207 222222 284298 126126 139141 151151 143143 000000 172172 176179 196223 238244 181181
Marbella , 118118 179179 181181 207207 222226 284292 126129 162174 151151 133143 202202 172207 179179 229229 238244 181181
Marbella , 118118 177179 181181 205207 222222 284284 126126 139155 151151 141143 202202 000000 179182 196208 238244 181181
Marbella , 118118 177179 181181 205207 222222 292294 126129 139143 151151 143143 190190 172207 176179 196205 238241 181181
Marbella , 118118 177179 181181 207207 223226 284298 129129 143143 151151 143143 190190 000000 179179 211223 241244 181181
Marbella , 118118 179179 181181 207207 222226 284292 126129 162174 151151 133143 202202 172207 179179 208229 238244 181181
Marbella , 118118 177179 181181 205207 222226 284292 129129 139143 151151 143143 187187 172207 176179 196205 238241 181181
Marbella , 118118 177179 181181 205205 222222 294298 126129 139141 151151 143143 202202 172207 179179 196223 244244 181181
Marbella , 118118 179179 181181 207207 222226 284292 126129 143145 151151 133143 199202 172207 179179 208229 238244 181181
Marbella , 118118 177179 181181 205207 222222 284284 126126 145145 151151 141143 190202 172189 179182 196208 238244 181181
Marbella , 118120 177179 181181 207207 223226 284298 129129 143145 151151 143143 190190 175187 179179 211223 241244 181181
Marbella , 118118 177179 181181 205207 222224 292294 126129 145145 151151 143143 190190 172207 176179 196205 238241 181181
Marbella , 118118 177179 181181 207207 222222 284292 129129 139143 151151 143143 190199 172207 176179 196205 238241 187187
Marbella , 118126 177179 181181 205207 222226 284292 126129 137143 151155 141143 199202 175195 179182 196205 238244 181193
Marbella , 118118 177179 181181 205207 226226 284292 129129 139143 151151 143143 190199 172175 176179 196205 238241 181193
Marbella , 118118 177179 181181 207207 222222 284298 129132 143143 151151 143143 190199 175187 179179 211223 241244 181181
Marbella , 118118 177179 181181 207209 223226 284298 129129 143143 151155 133143 190202 175187 176179 211223 241244 178181
Marbella , 118118 177179 181181 205205 222226 292294 126129 139143 151151 143143 190190 172207 176179 196205 241244 181181
Marbella , 118118 177179 181181 205207 222226 284292 126129 139143 151151 133143 190190 172207 179179 208229 238244 181181
Marbella , 118118 179179 181181 205207 222226 284298 126129 139141 151151 143143 199199 172172 176179 196223 238244 181181
Pop                 
Nerja , 118118 177179 181181 205211 222222 298298 129129 139143 151151 143143 187187 210216 176176 214226 235235 181184
Nerja , 118118 179179 181181 211211 226226 298300 126126 145145 151151 141141 187199 163172 176176 202208 235235 181184
Nerja , 118118 179181 181181 211213 226226 302302 126126 139174 151151 143143 187187 172172 176176 199202 235235 181181
Nerja , 118118 179179 181181 205211 222226 286298 129129 143145 151151 143143 196196 187187 179194 205208 235235 181181
Nerja , 118118 177177 181181 205213 226226 292298 129129 139139 151151 133143 000000 172187 176194 199199 235235 181181
Nerja , 118118 177177 181181 205211 222226 304306 129129 145145 151151 143143 000000 154172 179194 190205 235235 181187
Nerja , 118118 177181 181185 211211 226226 286302 129129 139139 151151 143143 187199 172172 179185 199205 235235 181181
Nerja , 118118 177179 181181 205211 226226 290294 129129 139139 151151 143143 196196 157204 176176 190205 235235 181181  