Data_416 liseron_20 pop               
SSR_CLA02, SSR_CLA16, SSR_CLA19, SSR_CLA22, SSR_CLA26, SSR_CLA35, SSR_CLA40, SSR_CLA43, SSR_CLA58, SSR_CLA70, SSR_CLA72, SSR_CLA82, SSR_CLA83, SSR_CLA91, SSR_CLA94, SSR_CLA96  
Pop                 
Puig_Nau , 118128 177179 181181 209209 226226 288292 129129 139139 151155 133141 202202 172172 176176 187187 238238 181181
Puig_Nau , 118118 177177 181181 205207 224224 292302 126132 137137 151151 133143 187187 175187 176182 199214 235235 181196
Puig_Nau , 118140 177177 181181 205209 226226 292296 129132 143143 151151 143143 202202 172172 176176 202205 238238 181181
Puig_Nau , 118118 177177 181181 209213 226226 296304 126132 137137 151151 139145 202202 172175 179182 205211 235238 181181
Puig_Nau , 118140 177179 181181 205209 226226 288292 132132 139139 151151 133143 187187 172175 176176 187214 235235 181181
Puig_Nau , 118118 177179 175181 205207 226226 294298 132132 137137 151161 133133 202202 169187 176197 205211 238238 181181
Puig_Nau , 118118 177177 181181 205211 224226 294296 129129 137137 151161 133145 187202 172172 176185 187202 235238 178181
Puig_Nau , 118118 177179 181181 205207 226226 294302 129129 137137 151151 133143 205205 175187 176179 193199 235238 178181
Puig_Nau , 118118 177177 181181 205209 226226 296302 132132 137137 151151 145145 202202 172172 176182 202205 235235 178181
Puig_Nau , 118126 177179 181181 207209 226226 288292 126132 137143 151151 133145 202202 172172 176176 187217 238238 181181
Puig_Nau , 118118 177177 181181 205207 226226 292294 126129 137137 151151 139139 202202 172172 176179 202205 235238 181181
Puig_Nau , 118118 177177 181181 207207 226226 292292 129132 139143 151155 143143 202202 172187 176185 202214 235238 181181
Puig_Nau , 118118 177177 181181 213213 226226 302302 120132 137137 151161 143145 202202 172187 173176 202202 238238 178181
Puig_Nau , 118118 177179 181181 205211 226226 288302 129129 139139 151151 141145 202202 172175 176179 187202 235235 178181
Puig_Nau , 118140 177179 181181 209209 226226 294304 126129 143143 151151 133139 202202 172189 176179 202202 235235 181181
Pop                 
Pennaroya , 118120 177179 181181 207215 226226 288292 126129 155155 151151 143143 187187 172187 176179 214226 238238 181181
Pennaroya , 118118 177179 181181 209213 226226 288292 129129 145145 151151 139139 199199 184187 176179 187214 235235 181181
Pennaroya , 118120 177177 181181 205207 226226 288292 129132 143145 151151 139143 187187 175175 176179 187205 235235 181184
Pennaroya , 118120 179179 181181 213217 226226 288290 129132 143143 151151 139143 187199 172187 179179 205214 235235 181181
Pennaroya , 118118 177177 181181 213213 222226 290292 129129 143143 151151 139139 202202 175175 176182 187214 238238 181181
Pennaroya , 118120 177177 181181 207209 226226 288302 126132 143143 151161 139145 187199 187187 176179 205226 238238 181184
Pennaroya , 118120 177179 181181 207215 226226 288292 126129 152155 151151 143143 202202 172187 176179 214226 238238 181181
Pennaroya , 120120 179179 181181 209217 222226 288290 132132 143143 151151 139143 202202 172175 176179 205214 235235 181181
Pennaroya , 118124 177177 181181 211213 222226 288292 129132 143143 151151 143147 000000 172187 176179 202214 238238 181184
Pennaroya , 118118 177177 181181 209213 226226 290292 129132 143143 151151 139139 187187 175187 176182 187217 235241 181181
Pennaroya , 118120 177179 181181 209213 226226 288290 126129 143143 151151 139139 199199 172187 179179 205214 238238 181181
Pennaroya , 118120 177177 181181 213213 226226 288288 129129 143143 151151 139145 199202 172187 176179 205205 238238 181181
Pennaroya , 118118 177177 181181 213215 226226 276294 129132 139139 151151 143145 000000 172175 176200 205223 238238 181181
Pennaroya , 118118 179179 181181 209213 226226 290296 129132 143143 151151 143145 202202 175187 176179 187205 238238 181196
Pennaroya , 118118 177179 181181 209213 226226 288292 129132 143143 151151 139145 202202 175175 176179 187202 238238 181181
Pop                 
Sitges , 118146 177179 181181 205213 226226 288296 129132 145145 151157 145145 202205 175175 176176 214217 235235 181181
Sitges , 118118 177177 175181 205213 226226 288296 120129 143143 151157 139145 202202 000000 176176 202208 235235 178184
Sitges , 118118 177177 181181 205207 222226 290302 126129 137145 151157 139145 202202 175175 176194 214217 235235 178184
Sitges , 148148 177177 181181 205213 222226 292296 126129 137137 157157 139145 202202 000000 176176 187202 235235 178181
Sitges , 120120 177179 181181 205209 222226 290302 120126 137143 151151 145145 202202 175175 176176 187217 235238 178181
Sitges , 118146 177177 181181 205209 222226 274294 129129 143143 151155 145145 202202 172175 176176 205205 229235 181205
Sitges , 146146 177177 181181 205209 226226 292296 126129 137137 151155 145145 202202 175175 176188 187202 235235 181184
Sitges , 120140 177179 181181 209213 222226 288288 120129 143143 151151 145145 202202 157157 176182 199205 229235 178178
Sitges , 118146 177177 181181 205209 226226 288292 120126 137145 151151 143145 187187 172175 176200 187223 229235 178181
Sitges , 118148 177177 181181 205213 226226 290292 126129 143143 157157 143145 202202 157175 164176 187205 235235 181184
Sitges , 118140 177177 181181 209213 222226 290294 126129 143143 151151 145145 202202 000000 176176 202214 235235 178181
Sitges , 140146 177177 181181 213213 226226 296296 126129 137143 151151 145145 202202 000000 176200 202211 235238 178184
Sitges , 118120 177179 181181 205213 226226 290290 126129 137143 151151 139145 202202 000000 176185 202211 238238 178187
Sitges , 118120 177177 153175 205209 222226 288296 120126 137143 151157 145145 202202 172172 176176 202202 235235 178178
Sitges , 118148 177177 181181 205209 226226 296296 120132 137143 157157 145145 202202 000000 179194 202223 235235 178184
Pop                 
Barrage , 118120 177177 181181 205207 226226 292296 129129 145145 151151 139143 202202 157187 176182 202205 238238 184193
Barrage , 118120 177183 181181 205205 226226 292292 129129 145145 151151 145145 000000 175178 179179 187205 235235 178193
Barrage , 118118 177177 181181 205207 226226 288288 126129 143145 153153 139139 199202 175187 182182 187205 238238 178193
Barrage , 118118 179179 181181 205209 222226 288290 126132 151157 153155 139145 199199 157187 176176 187205 238238 178178
Barrage , 118118 177179 181181 205209 226226 292294 126132 143143 153153 139145 199199 157175 176179 202223 235235 178178
Barrage , 118120 179181 181181 207207 226226 292294 129132 143145 151151 139145 199199 175175 176179 205223 238238 178181
Barrage , 118120 177179 181181 207207 226226 292292 129132 145147 153153 145145 199199 172187 176179 202205 238238 178181
Barrage , 118120 177183 181181 205207 226226 292292 129132 145145 151151 145147 202202 175175 179182 187205 235235 178178
Barrage , 118120 177177 181181 205209 226226 296302 126129 145145 151157 139139 199199 157175 176176 205205 238238 181184
Barrage , 118118 177179 181181 205207 222226 302302 129129 143145 151151 145145 187187 172175 179179 205205 235235 178181
Barrage , 120120 179179 181181 207207 226226 292292 126129 147147 153153 145145 196202 157187 173182 202202 238238 178181
Barrage , 120120 179179 181181 205207 226226 288292 132132 145145 151151 139145 202202 187187 179182 202205 238238 178184
Barrage , 120120 177179 181181 207207 226226 292296 129132 145147 151153 145145 199199 187187 173176 187202 238238 178184
Barrage , 120120 177183 181181 205207 224226 294294 126129 143143 151151 139145 199199 175175 176176 190205 238238 181193
Barrage , 120120 179179 181181 205207 226226 288302 129132 143145 151151 133145 199199 178187 176179 187208 238238 181184  