Data_416 liseron_20 pop               
SSR_CLA02, SSR_CLA16, SSR_CLA19, SSR_CLA22, SSR_CLA26, SSR_CLA35, SSR_CLA40, SSR_CLA43, SSR_CLA58, SSR_CLA70, SSR_CLA72, SSR_CLA82, SSR_CLA83, SSR_CLA91, SSR_CLA94, SSR_CLA96  
Pop                 
Leucate , 118118 179179 181181 205205 226226 290302 129129 143143 151151 139139 199199 175187 176176 184205 235238 181184
Leucate , 118120 177179 181181 211211 226226 292336 126129 139143 151157 133133 202202 175175 176176 187208 223238 181181
Leucate , 118118 179179 181181 205213 226226 292292 129132 139143 151151 143145 199202 172172 176179 208220 235238 181187
Leucate , 118118 177179 181181 209209 226226 286286 126129 143143 151151 139139 000000 178184 176176 187202 229235 181181
Leucate , 118120 177179 181181 000000 222226 288310 129129 143143 151161 139139 202202 154172 176176 187193 235235 181193
Leucate , 118120 177179 181181 209211 222222 288310 129129 143143 151161 139139 202202 154172 176176 187193 235235 181193
Leucate , 000000 177179 181181 000000 226226 000000 129129 139143 151151 139139 196199 000000 000000 000000 235235 000000
Leucate , 000000 177179 181181 000000 226226 292336 129129 139143 151151 139139 199199 000000 176188 187205 235235 181187
Leucate , 118118 177177 181181 000000 226226 288336 126129 000000 157157 000000 199202 175195 188200 202205 223235 000000
Leucate , 118126 177177 181181 207211 226226 310336 126126 143147 151151 125143 199202 175178 176197 187214 235235 181184
Leucate , 118120 177179 181181 213213 222222 288310 126129 137137 155155 125125 199199 154187 176176 202208 235235 181193
Leucate , 118126 177179 181181 205205 226226 292336 126129 143143 163163 133143 199199 172189 176176 205205 235235 178181
Leucate , 118120 177177 181181 205213 226226 286336 126129 139147 151157 139139 199202 172175 176188 187202 235235 181184
Leucate , 118118 177179 181181 205207 226226 288296 126129 143143 151151 139139 196199 175195 176179 202202 235238 178181
Leucate , 118118 177177 181181 207213 226226 288336 126129 139147 157157 133145 202202 175195 188200 202202 223235 181187
Leucate , 118120 177177 181181 205209 226226 310336 129132 143143 151151 139145 199202 178178 176179 205205 235235 181181
Pop                 
Lapalme , 118144 177179 181181 205207 226226 292310 126129 139143 161161 133143 199199 175175 176176 187202 238238 181181
Lapalme , 118120 177177 181181 209213 222222 292292 129129 143143 151151 145145 202202 175175 173176 202202 235235 181181
Lapalme , 118120 177177 181181 207207 226226 300300 129132 143143 151161 000000 202202 000000 176176 187223 238238 181181
Lapalme , 120120 177177 181181 205213 226226 292298 129129 143143 151151 133145 202202 175187 176179 202202 235238 181181
Lapalme , 118144 177181 181181 207207 226226 292298 132132 143143 151151 133147 199199 166175 176176 202202 235235 181184
Lapalme , 120144 177179 181181 207213 226226 292302 129132 143143 161161 143145 000000 172189 176182 187205 235238 181184
Lapalme , 118120 177179 181181 205207 226226 290292 129132 140143 151151 133145 202202 172187 173176 187202 235235 181184
Lapalme , 118120 177179 181181 209213 226226 292300 129132 143145 161161 133145 000000 166172 176176 202202 235235 184184
Lapalme , 118120 177177 181181 207207 226226 292308 129129 143143 161161 143143 199199 172175 176179 202214 235235 181184
Lapalme , 118118 177177 181181 207207 226226 290292 129132 143145 151161 133145 202202 163175 170179 202202 235238 181184
Lapalme , 118118 177179 175181 205209 226226 292292 129132 139145 151151 151151 203203 166166 170179 202214 235235 181181
Lapalme , 118118 179179 181181 205207 226226 308310 129132 139143 151151 141145 202202 175175 179182 187202 235235 181184
Lapalme , 118120 177177 181181 207207 226226 292298 129129 143145 151161 133145 187199 175175 176176 187205 235238 178181
Lapalme , 118140 177177 181181 207209 226226 292292 129129 143143 151161 143145 000000 157157 176182 205223 235235 181184
Lapalme , 114118 177177 181181 207209 226226 290290 126129 143143 151161 000000 199199 166175 176179 208214 235238 181184
Pop                 
Gruissan , 118118 177179 181181 207207 226226 288292 126132 145145 151151 145145 187199 172175 176176 187187 235235 184184
Gruissan , 118120 177177 181181 207213 226226 294294 120129 143143 151151 139145 199202 172172 179179 187226 235235 181181
Gruissan , 118118 177179 181181 209209 226226 290294 126132 139139 151151 139145 199199 175178 167176 187187 235235 181181
Gruissan , 118118 177177 181181 207211 226226 290290 126132 143145 151151 143145 000000 172175 176185 187202 235235 181181
Gruissan , 118118 177179 181181 207209 226226 294294 129132 145145 151151 139139 000000 175175 176185 187202 235235 181181
Gruissan , 118118 177177 181181 207209 226226 290294 120126 137137 151155 139145 202202 172175 176188 187187 235235 181184
Gruissan , 118118 179179 181181 207207 226226 282292 126132 143143 151151 145145 199199 172175 179185 187187 235235 181184
Gruissan , 118118 177179 181181 207211 226226 294296 120132 145145 151151 000000 187187 175175 179194 187202 235235 181181
Gruissan , 118118 177177 181181 207211 226226 294302 120120 137137 151151 139145 202202 172172 176179 187187 223235 181181
Gruissan , 118118 177179 181181 211211 226226 294302 120126 137145 151151 139145 199199 172172 176179 187202 223235 181181
Gruissan , 118118 179179 181181 207211 226226 294294 120126 137145 151151 139145 000000 172175 179194 187202 235235 181181
Gruissan , 118118 177179 181181 207209 226226 290292 120120 143143 151155 133139 202202 172175 185185 187187 235235 181184
Gruissan , 118118 177179 181181 207207 226226 292294 120129 137145 151157 145145 199202 172175 176179 187199 223235 181181
Gruissan , 118118 177179 181181 209209 226226 292294 132132 143143 155155 139145 199199 175175 176185 187187 235235 184187
Pop                 
Ceyreste , 118120 177177 175181 207211 226226 302320 120126 143149 157157 147147 199199 154172 170182 193229 235235 178181
Ceyreste , 120120 177177 153175 207207 226226 292302 126126 143149 159159 147147 199199 172187 170182 187187 232232 178181
Ceyreste , 120120 177177 175181 207207 226226 292296 126126 143143 157157 147147 199199 187187 179182 193193 232232 181181
Ceyreste , 118118 177177 153175 205207 226226 298310 126126 143143 157157 145145 199199 154154 179182 187193 232232 178181
Ceyreste , 120120 177177 175181 207207 226226 292298 126129 143149 157157 145147 199199 154154 170170 187229 000000 178178
Ceyreste , 118118 177177 181181 207211 226226 294294 120126 143151 157157 145147 199199 172187 170182 211226 000000 178184
Ceyreste , 118118 177179 175175 207211 224224 292294 126129 143143 157157 145145 199199 154172 170170 187211 238238 178178
Ceyreste , 118118 177177 153175 207211 226226 292302 126126 143143 157159 145165 199202 154154 185185 211226 229235 181181
Ceyreste , 118120 177177 181181 207211 226226 296310 126129 149149 157157 145147 199199 154187 170185 193193 235235 178178
Ceyreste , 118120 177179 153181 207211 226226 296310 120126 143143 153157 145147 187199 187187 170182 193193 232232 181181
Ceyreste , 118120 177177 175175 211211 224224 306310 126129 143143 000000 141141 199199 172187 170179 193193 235238 181181
Ceyreste , 000000 177179 175181 207207 226226 000000 126126 000000 000000 000000 199199 000000 000000 205211 000000 000000
Ceyreste , 120120 177177 175181 205207 224226 276310 126126 143143 161161 145145 199199 154154 182182 193193 232232 178178
Ceyreste , 118120 177177 153175 211211 224224 292294 126126 143143 157157 145145 199199 154187 170170 193211 229238 178181
Pop                 
Castellet , 120120 177179 153175 211215 226226 292292 126126 143143 187187 145145 000000 175189 170182 187187 238238 205205
Castellet , 116116 177179 153181 211215 226226 294314 126129 143155 157157 145145 187199 178178 170179 193193 232232 178178
Castellet , 118118 177177 175175 207211 226226 294314 126126 145153 189189 145145 187187 187189 170170 187187 232232 184205
Castellet , 118120 177177 175175 207211 226226 294296 126126 145155 153157 125125 187214 154154 170182 193205 232232 178205
Castellet , 118120 177177 153181 215215 226226 294302 126126 143143 157161 125143 187217 178187 179182 187193 232232 178181
Castellet , 118118 177177 175175 207207 226226 292294 126129 143145 157157 165165 202214 187187 170170 187211 232232 178181
Castellet , 120120 177177 175175 207207 226226 294302 120129 145145 157157 125125 187187 187187 170179 187193 232232 178178
Castellet , 118118 177177 175181 211215 224226 294306 126126 143155 157157 125125 187214 154178 170182 187199 232232 178181
Castellet , 118118 177177 175175 207211 226226 302314 126126 145145 191191 145145 187214 172175 170170 193211 232232 193205
Castellet , 118118 177177 181181 211211 226226 292294 126129 145145 157157 145145 000000 154178 170179 193199 232232 178184
Castellet , 118120 177177 175175 205211 226226 302322 126129 145145 157157 125125 187214 187187 182182 187193 232232 178181
Castellet , 118118 177177 175181 207211 224226 294294 126129 149153 155157 141147 187214 178187 170170 187193 232232 178181
Castellet , 118118 177177 175175 211211 226226 276314 126129 143155 157157 145145 187187 187187 170179 205226 232232 178181
Castellet , 118118 177177 175175 205215 226226 294294 126126 155155 157157 145145 199199 154187 170179 187205 232232 178178
Castellet , 118120 177177 153175 213215 226226 296310 126129 143145 193193 145145 187187 154187 170179 193193 244244 178181
Castellet , 118120 177177 175181 211215 226226 294302 126126 145149 195195 145145 187187 172187 170179 193205 232232 178178
Castellet , 114114 177177 153175 211211 226226 302302 126129 145145 157157 145147 187187 187187 170179 193193 232232 178178
Castellet , 118120 177177 175175 211213 226226 302314 126126 143145 157157 145145 187199 178187 170179 187193 238244 178181
Castellet , 118118 177177 175181 211211 226226 292302 129129 143145 157157 147147 187187 178187 170182 193193 232232 178178
Castellet , 118118 177177 175181 211215 226226 292294 126126 145155 157157 125125 199199 178187 170179 193193 232238 178205
Castellet , 118118 177177 175175 205215 226226 294296 126126 143145 161161 145147 187187 154189 179182 193193 235238 178178
Castellet , 118118 177177 175181 211211 226226 292292 126126 149149 157157 145145 187217 178187 170179 193193 232232 178184
Castellet , 118118 177177 153181 211211 226226 298302 126126 143145 157157 145145 199199 187189 170170 193205 232232 178178
Castellet , 120120 177177 175175 211211 226226 276296 120126 143145 157157 145145 187187 187187 170179 187193 235238 181184
Castellet , 118118 177177 153175 207211 226226 292294 120126 145149 157157 145145 187187 154175 170179 193205 229229 178178
Castellet , 118118 177177 175175 211211 226226 294294 126129 152155 151151 125125 199199 154172 179182 193205 232238 181184
Castellet , 114114 177177 175175 211211 226226 294294 126126 145145 157157 145145 187187 154178 170182 193199 232232 178184
Castellet , 120120 177177 175181 207207 226226 292296 126126 143143 157157 145145 187187 154187 179182 193193 232232 181205
Castellet , 118118 177177 153181 207207 226226 294314 126129 145145 157157 145145 199199 178187 170182 193211 232232 178178
Castellet , 118120 177177 153175 211215 224224 276314 126126 143145 157157 147147 199199 187189 170179 187193 232235 178205
Castellet , 118118 177177 153181 207207 226226 276294 126126 143149 157157 145145 000000 178187 170170 205211 232232 178184
Pop                 
Serra , 118118 177177 181181 205213 222226 288302 126126 137137 151151 145145 202202 172172 176185 202226 235235 181193
Serra , 118118 177179 181181 207213 226226 290292 126129 139139 151151 143145 199199 000000 176185 202214 235235 181181
Serra , 118118 177177 181181 205207 226226 292292 129129 145145 151151 145145 202202 000000 176185 205205 235235 181193
Serra , 118118 177177 181181 205213 222226 296302 129132 137143 151151 139143 202202 172172 179182 202205 235235 181181
Serra , 118118 177177 181181 205205 226226 302302 129132 152152 151151 145145 196199 172175 176179 202205 235235 184193
Serra , 118118 177179 181181 205205 222226 288290 126129 000000 151151 145145 202202 000000 179185 199205 238238 181193
Serra , 118140 177177 181181 205213 222226 302302 129129 143143 151151 143145 199202 166175 176182 199205 235235 181181
Serra , 118118 177179 181181 205205 226226 298302 126126 143143 151151 139143 202202 172178 179179 226226 223235 181193
Serra , 118118 177179 181181 205205 226226 294304 126129 143143 151151 139145 000000 172187 179179 193226 223235 181181
Serra , 118118 177177 181181 213213 226226 288302 129129 145145 151151 139139 199199 172172 176176 187205 235235 181181
Pop                 
Roja , 118118 177177 181181 205213 226226 296298 129129 152155 151151 145145 199199 175175 173182 187202 238241 181181
Roja , 118118 183183 181181 205205 226226 302302 126129 143143 151193 145145 187202 175175 182182 196202 235235 181181
Roja , 118120 177179 181181 207211 226226 290298 126132 139139 151151 143145 202202 172175 179185 187202 223238 181181
Roja , 118120 177183 175181 205211 222226 290302 126126 139139 151151 139145 202202 175178 176185 187229 238238 181181
Roja , 118120 177177 181181 205207 226226 290302 126129 140157 151151 133143 202202 175184 179182 187202 241241 181193
Roja , 118118 177177 181181 205207 226226 296302 129132 143143 157157 133145 199202 175175 179182 202205 241241 181193
Roja , 118118 177183 181181 207207 226226 296302 129129 000000 151151 133133 199199 172184 179182 187214 235235 181181
Roja , 118118 177183 181181 205207 222226 298302 126132 152152 193193 143145 202202 175175 173176 202205 238238 181181
Roja , 118120 177179 175181 205207 226226 292298 126129 139143 151151 145145 202202 175175 182182 187202 241241 181181
Roja , 118118 177179 181181 209211 222226 298310 129132 143143 151151 145145 202202 175175 176179 187205 238238 181181
Roja , 118118 177179 181181 207211 222226 298302 129129 143143 151151 000000 202202 166175 185185 205211 223235 181193
Roja , 118120 177177 175181 205207 224226 288298 129129 143143 151151 145145 202202 175178 176176 202205 235235 181181
Roja , 118118 177177 181181 205207 222226 290302 126126 152152 151151 145145 202202 175178 179182 202211 235235 181181
Roja , 118118 177183 181181 205205 224226 288298 126132 143143 193193 133133 199202 163175 182182 199229 235235 181184
Roja , 118118 177183 181181 207207 226226 292302 126129 152152 151151 133133 202202 175175 176185 199205 235235 181181
Roja , 120126 177183 181181 211211 224226 288294 129132 137139 151155 139143 190202 184189 176182 205217 235238 181181
Roja , 118120 177177 181181 205211 226226 290298 126129 147147 151151 141143 199202 175178 176179 205211 238238 181181
Roja , 118120 177179 175181 205207 222222 290302 129132 139143 151157 133141 199199 175178 179185 202202 235238 181181
Roja , 118118 177179 181181 211211 222226 290304 132132 143147 151151 145145 199199 175178 179182 202205 235235 181181
Roja , 118118 177177 181181 209211 226226 288292 129132 139139 151157 133143 199202 172178 176176 214220 238238 181181
Roja , 118118 177177 175181 209209 226226 288300 126132 139139 151157 133139 199202 172184 179182 205211 235238 181184
Roja , 118118 177179 181181 205209 222226 292304 129132 139143 151151 139145 202202 175178 176185 187205 235235 181181
Roja , 118120 177183 181181 207209 222226 290292 126129 139139 151151 139145 199202 175184 176176 187211 238244 181181
Roja , 118120 177183 181181 207207 226226 288302 129132 143143 151151 139143 199199 175178 176182 211217 235238 181181
Roja , 118118 177177 181181 209211 222226 298310 129129 137143 151151 139145 199202 163175 176179 187187 223238 181181
Roja , 118118 177177 181181 205211 226226 292302 126126 143143 151151 139143 199202 166175 176176 202205 238238 181181
Roja , 118118 177177 175181 211211 226226 288302 126132 143143 151151 139143 190199 175181 176176 202216 235235 181181
Roja , 118118 177177 181181 211211 226226 288292 129132 143143 151151 139143 205205 175181 176185 202205 235235 181181
Roja , 118118 177179 181181 207211 226226 292298 126132 139143 151151 143145 190202 172178 182185 196202 238238 181181
Roja , 118118 177179 181181 211211 226226 292292 129132 139143 151155 143145 199202 175175 176185 187205 238238 181181
Roja , 118118 177177 181181 205207 226226 290302 129129 143143 151151 145145 202202 172175 176185 187187 223235 181181
Roja , 120140 177177 181181 205209 222222 288296 126129 139139 151151 133133 199199 172178 176185 196202 238238 181181
Roja , 118120 177177 181181 205207 226226 286308 129129 139143 151151 143145 196199 178184 176182 187187 235238 181181
Pop                 
Conques , 120120 177177 181181 205207 226226 288298 126129 137145 151151 133133 000000 175187 176182 187208 238238 181193
Conques , 118120 179179 181181 205209 226226 288292 129129 145145 151155 143145 199211 181181 167176 211211 235235 181181
Conques , 120120 177179 175181 205207 226226 288296 129129 145145 151167 133133 202202 000000 179185 187202 235235 181181
Conques , 118118 177177 181181 207209 226226 292332 126129 143143 151151 143143 199199 154172 176185 187205 235235 181181
Conques , 118120 177179 181181 207213 226226 288298 126129 143145 151155 133145 202202 181181 167185 187211 238238 181181
Conques , 118120 177179 181181 205213 226226 288298 126129 145145 155167 000000 202202 175181 176185 199205 235235 181181
Conques , 118120 177179 181181 207213 226226 288298 126129 143145 151151 145145 202202 182182 176185 211211 235235 181187
Conques , 118118 177179 175181 205215 226226 288288 126129 143145 167167 143143 202202 175187 176185 187205 235235 181181
Pop                 
Alcai , 118118 179179 181181 207209 226226 294296 129129 139143 157157 143143 199202 172189 167188 214223 232235 178178
Alcai , 120126 179179 181181 207213 226226 290294 120129 143143 151157 133133 199199 172178 176185 190205 235235 181205
Alcai , 118118 177177 181181 205207 224224 288332 129129 139145 151151 133143 199202 172172 176176 205211 235235 193193
Alcai , 118118 177179 181181 205217 226226 288332 132132 143143 151163 139139 199199 187187 167185 199220 226235 181193
Alcai , 118118 177179 181181 207213 226226 294312 120129 139139 151151 143143 187226 154187 176182 202205 232235 181181
Alcai , 118118 177179 153181 205209 226226 294312 129129 143143 157157 133143 187202 172189 182182 205217 235235 178181
Alcai , 118118 177179 181181 207207 226226 294310 129132 137143 163163 133133 187202 157172 176176 193205 226229 178193
Alcai , 118118 177179 153181 205205 224224 292312 120129 139139 159159 143143 000000 172172 176176 205217 235235 181181
Alcai , 118118 177179 153181 209213 226226 310320 129129 139143 151151 143145 202202 172172 176185 202205 229235 178181
Alcai , 118118 179179 153181 205207 226226 294308 120120 139139 155157 133133 199202 172187 176176 205214 232235 193193
Alcai , 118120 177177 181181 207207 226226 000000 000000 143143 151155 133143 199199 172172 182185 205220 000000 178181
Alcai , 120126 177177 181181 209217 222226 294308 126129 145145 157157 143145 199199 172172 176185 186211 229235 181181
Alcai , 118118 177177 181181 207207 226226 288312 126129 139139 151151 143143 196196 154175 176176 205205 235235 181202
Alcai , 118124 179179 181181 207209 222222 294308 129132 143143 157157 143143 199202 157172 188188 190220 229235 178193
Alcai , 118118 177177 181181 205205 226226 294294 126129 139139 151151 125125 187199 172172 182185 187214 229235 178181
Alcai , 120120 177179 175181 207207 226226 292294 129129 137139 151151 143143 199199 172172 173182 190220 235238 193205
Alcai , 118118 177179 181181 205213 226226 288298 126129 143143 151151 143143 202202 172175 185185 186205 229229 181181
Alcai , 118120 179181 181181 213213 226226 300302 120129 143151 155155 133147 199199 178187 176182 187205 229235 181181
Alcai , 120120 177179 181181 207217 226226 292294 120132 139139 151161 143145 199202 157172 167179 190220 238238 178193
Alcai , 118118 177179 181181 207207 222226 290292 129132 139153 157157 143143 199199 172172 167182 205217 229235 178181
Alcai , 120120 177177 181181 213217 222226 308310 120129 139145 151155 133143 199202 172175 176176 193205 229235 178181
Alcai , 118118 177179 181181 207207 222222 292310 120129 143143 151155 133133 202202 172172 176179 187205 235235 181193
Alcai , 118118 177179 181181 205205 222226 310312 126129 139143 151151 143143 196199 172187 176176 217226 235235 181193
Alcai , 118118 177177 181181 207209 222226 290310 120129 139139 151163 143143 199199 172189 176182 190202 235238 181193
Alcai , 118118 179179 181181 205209 222226 294298 126132 139139 151155 133143 202202 175178 194194 186205 235238 178193
Alcai , 118118 177179 181181 207209 226226 294332 120129 137137 157157 143147 199199 172172 176176 187205 232235 178193
Alcai , 118120 177177 181181 205207 222226 294314 120132 147147 151151 145145 202202 157172 185185 202205 232235 181181
Alcai , 118120 179179 181181 207207 222226 292310 129132 143143 151151 143143 199199 175175 176182 205211 229235 193205
Alcai , 118118 177179 181181 207207 226226 290314 129129 139145 151151 143143 199199 172175 176176 187205 229241 178181
Alcai , 118118 177177 181181 205205 226226 292294 126129 141141 151151 133133 199202 172172 182185 187214 229235 178181
Alcai , 118118 179179 153181 205207 224224 294308 129129 139139 155157 133133 199202 172187 176176 205214 232235 181193
Pop                 
Alhama , 118118 171177 181181 205205 226226 294294 123129 143143 151151 145147 199199 175175 176176 193205 238238 181181
Alhama , 118118 179179 181181 205207 226226 294294 144144 137137 151151 141147 199199 163169 179179 196205 235235 181181
Alhama , 118120 177181 181181 205213 224226 294296 129129 143145 151151 133147 199199 175175 173176 175193 238238 181181
Alhama , 118118 177177 181181 213213 224226 290300 129132 137145 151151 145147 199199 169175 176176 205208 235235 181181
Alhama , 118118 171177 181181 205213 226226 290300 129129 137137 151155 147147 000000 181192 176176 205205 235235 181181
Alhama , 126126 179181 181181 205211 226226 290290 129132 137145 151151 133145 199199 181195 176176 193205 238238 181181
Alhama , 118118 177181 181181 205213 226226 288300 132132 145145 151151 145147 199199 175192 176176 205208 235235 181181
Alhama , 118126 179181 181181 205207 226226 290294 126126 137145 151151 137137 199202 154172 176179 193205 238238 181181
Alhama , 118120 177179 181181 205213 224226 288288 129132 137137 151151 145147 202202 181189 173176 205205 238238 181181
Alhama , 118118 179181 181181 205207 226226 290296 129132 145145 151155 141145 199199 181181 179179 205205 235235 181181
Alhama , 118126 179179 181181 211213 226226 290300 129132 145145 151151 141141 199199 172181 176179 202205 238238 181181
Alhama , 118118 179181 181181 205205 224226 294294 129132 137143 151151 145145 199202 181189 176176 202202 235235 181181
Alhama , 118118 177181 181181 205207 226226 288300 129132 145145 151155 133147 187187 175189 176176 187205 238238 181181
Alhama , 118120 171177 181181 205213 226226 290294 129129 145145 151151 145145 199199 181181 182182 193193 238238 181181
Alhama , 118120 171179 179181 205205 226226 290290 126129 143143 151151 141145 199199 181189 176176 205214 238238 181181
Pop                 
Rute , 118118 177177 181181 213215 226226 290292 129129 155155 151153 143147 199199 187189 167182 193193 238238 181184
Rute , 118118 177177 181181 205213 226226 290292 129129 153153 151151 143147 199199 187189 179182 202202 238244 181184
Rute , 118118 177177 181181 207215 226226 290292 129132 137137 153153 147147 199199 187189 176182 193193 238238 181181
Rute , 118118 177177 181181 215215 226226 292292 129129 137137 151153 143147 199199 000000 182182 193193 223223 181184
Rute , 118118 177177 181181 207213 222226 292292 129129 137145 153153 139147 199199 157192 167182 193193 238238 181184
Rute , 118118 177177 181181 207207 226226 292294 129129 145153 151151 143143 199199 187189 179179 193199 238238 181184
Rute , 118118 177177 181181 213213 226226 276292 129129 145145 151153 141141 199199 175175 167176 193202 238238 181181
Rute , 118118 177177 181181 205213 226226 292292 129132 137137 151151 147147 000000 000000 167167 193193 238238 181181
Rute , 118118 177177 181181 207207 226226 286294 129129 139153 151151 141143 199199 000000 167182 199202 244244 181181
Rute , 118118 177177 181181 207213 222226 292294 129129 137153 151153 139143 199199 000000 179179 193199 238238 181184
Rute , 118118 177177 181181 207213 226226 286294 129129 139153 151153 141143 199199 000000 167182 199202 244244 181184
Rute , 118118 177177 181181 207207 226226 292294 129129 153153 151151 141143 199199 187189 167179 199202 238238 181181
Rute , 118118 177177 181181 207207 226226 292294 129129 000000 151151 143143 199199 175187 167182 193202 244244 181181
Rute , 118118 177177 181181 207213 226226 290292 129132 153153 151153 143147 199199 187189 182182 193199 238238 181181
Pop                 
Marbella , 118118 179179 181181 205207 222222 284298 126126 139141 151151 143143 000000 172172 176179 196223 238244 181181
Marbella , 118118 179179 181181 207207 222226 284292 126129 162174 151151 133143 202202 172207 179179 229229 238244 181181
Marbella , 118118 177179 181181 205207 222222 284284 126126 139155 151151 141143 202202 000000 179182 196208 238244 181181
Marbella , 118118 177179 181181 205207 222222 292294 126129 139143 151151 143143 190190 172207 176179 196205 238241 181181
Marbella , 118118 177179 181181 207207 223226 284298 129129 143143 151151 143143 190190 000000 179179 211223 241244 181181
Marbella , 118118 179179 181181 207207 222226 284292 126129 162174 151151 133143 202202 172207 179179 208229 238244 181181
Marbella , 118118 177179 181181 205207 222226 284292 129129 139143 151151 143143 187187 172207 176179 196205 238241 181181
Marbella , 118118 177179 181181 205205 222222 294298 126129 139141 151151 143143 202202 172207 179179 196223 244244 181181
Marbella , 118118 179179 181181 207207 222226 284292 126129 143145 151151 133143 199202 172207 179179 208229 238244 181181
Marbella , 118118 177179 181181 205207 222222 284284 126126 145145 151151 141143 190202 172189 179182 196208 238244 181181
Marbella , 118120 177179 181181 207207 223226 284298 129129 143145 151151 143143 190190 175187 179179 211223 241244 181181
Marbella , 118118 177179 181181 205207 222224 292294 126129 145145 151151 143143 190190 172207 176179 196205 238241 181181
Marbella , 118118 177179 181181 207207 222222 284292 129129 139143 151151 143143 190199 172207 176179 196205 238241 187187
Marbella , 118126 177179 181181 205207 222226 284292 126129 137143 151155 141143 199202 175195 179182 196205 238244 181193
Marbella , 118118 177179 181181 205207 226226 284292 129129 139143 151151 143143 190199 172175 176179 196205 238241 181193
Marbella , 118118 177179 181181 207207 222222 284298 129132 143143 151151 143143 190199 175187 179179 211223 241244 181181
Marbella , 118118 177179 181181 207209 223226 284298 129129 143143 151155 133143 190202 175187 176179 211223 241244 178181
Marbella , 118118 177179 181181 205205 222226 292294 126129 139143 151151 143143 190190 172207 176179 196205 241244 181181
Marbella , 118118 177179 181181 205207 222226 284292 126129 139143 151151 133143 190190 172207 179179 208229 238244 181181
Marbella , 118118 179179 181181 205207 222226 284298 126129 139141 151151 143143 199199 172172 176179 196223 238244 181181
Pop                 
Nerja , 118118 177179 181181 205211 222222 298298 129129 139143 151151 143143 187187 210216 176176 214226 235235 181184
Nerja , 118118 179179 181181 211211 226226 298300 126126 145145 151151 141141 187199 163172 176176 202208 235235 181184
Nerja , 118118 179181 181181 211213 226226 302302 126126 139174 151151 143143 187187 172172 176176 199202 235235 181181
Nerja , 118118 179179 181181 205211 222226 286298 129129 143145 151151 143143 196196 187187 179194 205208 235235 181181
Nerja , 118118 177177 181181 205213 226226 292298 129129 139139 151151 133143 000000 172187 176194 199199 235235 181181
Nerja , 118118 177177 181181 205211 222226 304306 129129 145145 151151 143143 000000 154172 179194 190205 235235 181187
Nerja , 118118 177181 181185 211211 226226 286302 129129 139139 151151 143143 187199 172172 179185 199205 235235 181181
Nerja , 118118 177179 181181 205211 226226 290294 129129 139139 151151 143143 196196 157204 176176 190205 235235 181181
Pop                 
Puig_Nau , 118128 177179 181181 209209 226226 288292 129129 139139 151155 133141 202202 172172 176176 187187 238238 181181
Puig_Nau , 118118 177177 181181 205207 224224 292302 126132 137137 151151 133143 187187 175187 176182 199214 235235 181196
Puig_Nau , 118140 177177 181181 205209 226226 292296 129132 143143 151151 143143 202202 172172 176176 202205 238238 181181
Puig_Nau , 118118 177177 181181 209213 226226 296304 126132 137137 151151 139145 202202 172175 179182 205211 235238 181181
Puig_Nau , 118140 177179 181181 205209 226226 288292 132132 139139 151151 133143 187187 172175 176176 187214 235235 181181
Puig_Nau , 118118 177179 175181 205207 226226 294298 132132 137137 151161 133133 202202 169187 176197 205211 238238 181181
Puig_Nau , 118118 177177 181181 205211 224226 294296 129129 137137 151161 133145 187202 172172 176185 187202 235238 178181
Puig_Nau , 118118 177179 181181 205207 226226 294302 129129 137137 151151 133143 205205 175187 176179 193199 235238 178181
Puig_Nau , 118118 177177 181181 205209 226226 296302 132132 137137 151151 145145 202202 172172 176182 202205 235235 178181
Puig_Nau , 118126 177179 181181 207209 226226 288292 126132 137143 151151 133145 202202 172172 176176 187217 238238 181181
Puig_Nau , 118118 177177 181181 205207 226226 292294 126129 137137 151151 139139 202202 172172 176179 202205 235238 181181
Puig_Nau , 118118 177177 181181 207207 226226 292292 129132 139143 151155 143143 202202 172187 176185 202214 235238 181181
Puig_Nau , 118118 177177 181181 213213 226226 302302 120132 137137 151161 143145 202202 172187 173176 202202 238238 178181
Puig_Nau , 118118 177179 181181 205211 226226 288302 129129 139139 151151 141145 202202 172175 176179 187202 235235 178181
Puig_Nau , 118140 177179 181181 209209 226226 294304 126129 143143 151151 133139 202202 172189 176179 202202 235235 181181
Pop                 
Pennaroya , 118120 177179 181181 207215 226226 288292 126129 155155 151151 143143 187187 172187 176179 214226 238238 181181
Pennaroya , 118118 177179 181181 209213 226226 288292 129129 145145 151151 139139 199199 184187 176179 187214 235235 181181
Pennaroya , 118120 177177 181181 205207 226226 288292 129132 143145 151151 139143 187187 175175 176179 187205 235235 181184
Pennaroya , 118120 179179 181181 213217 226226 288290 129132 143143 151151 139143 187199 172187 179179 205214 235235 181181
Pennaroya , 118118 177177 181181 213213 222226 290292 129129 143143 151151 139139 202202 175175 176182 187214 238238 181181
Pennaroya , 118120 177177 181181 207209 226226 288302 126132 143143 151161 139145 187199 187187 176179 205226 238238 181184
Pennaroya , 118120 177179 181181 207215 226226 288292 126129 152155 151151 143143 202202 172187 176179 214226 238238 181181
Pennaroya , 120120 179179 181181 209217 222226 288290 132132 143143 151151 139143 202202 172175 176179 205214 235235 181181
Pennaroya , 118124 177177 181181 211213 222226 288292 129132 143143 151151 143147 000000 172187 176179 202214 238238 181184
Pennaroya , 118118 177177 181181 209213 226226 290292 129132 143143 151151 139139 187187 175187 176182 187217 235241 181181
Pennaroya , 118120 177179 181181 209213 226226 288290 126129 143143 151151 139139 199199 172187 179179 205214 238238 181181
Pennaroya , 118120 177177 181181 213213 226226 288288 129129 143143 151151 139145 199202 172187 176179 205205 238238 181181
Pennaroya , 118118 177177 181181 213215 226226 276294 129132 139139 151151 143145 000000 172175 176200 205223 238238 181181
Pennaroya , 118118 179179 181181 209213 226226 290296 129132 143143 151151 143145 202202 175187 176179 187205 238238 181196
Pennaroya , 118118 177179 181181 209213 226226 288292 129132 143143 151151 139145 202202 175175 176179 187202 238238 181181
Pop                 
Sitges , 118146 177179 181181 205213 226226 288296 129132 145145 151157 145145 202205 175175 176176 214217 235235 181181
Sitges , 118118 177177 175181 205213 226226 288296 120129 143143 151157 139145 202202 000000 176176 202208 235235 178184
Sitges , 118118 177177 181181 205207 222226 290302 126129 137145 151157 139145 202202 175175 176194 214217 235235 178184
Sitges , 148148 177177 181181 205213 222226 292296 126129 137137 157157 139145 202202 000000 176176 187202 235235 178181
Sitges , 120120 177179 181181 205209 222226 290302 120126 137143 151151 145145 202202 175175 176176 187217 235238 178181
Sitges , 118146 177177 181181 205209 222226 274294 129129 143143 151155 145145 202202 172175 176176 205205 229235 181205
Sitges , 146146 177177 181181 205209 226226 292296 126129 137137 151155 145145 202202 175175 176188 187202 235235 181184
Sitges , 120140 177179 181181 209213 222226 288288 120129 143143 151151 145145 202202 157157 176182 199205 229235 178178
Sitges , 118146 177177 181181 205209 226226 288292 120126 137145 151151 143145 187187 172175 176200 187223 229235 178181
Sitges , 118148 177177 181181 205213 226226 290292 126129 143143 157157 143145 202202 157175 164176 187205 235235 181184
Sitges , 118140 177177 181181 209213 222226 290294 126129 143143 151151 145145 202202 000000 176176 202214 235235 178181
Sitges , 140146 177177 181181 213213 226226 296296 126129 137143 151151 145145 202202 000000 176200 202211 235238 178184
Sitges , 118120 177179 181181 205213 226226 290290 126129 137143 151151 139145 202202 000000 176185 202211 238238 178187
Sitges , 118120 177177 153175 205209 222226 288296 120126 137143 151157 145145 202202 172172 176176 202202 235235 178178
Sitges , 118148 177177 181181 205209 226226 296296 120132 137143 157157 145145 202202 000000 179194 202223 235235 178184
Pop                 
Barrage , 118120 177177 181181 205207 226226 292296 129129 145145 151151 139143 202202 157187 176182 202205 238238 184193
Barrage , 118120 177183 181181 205205 226226 292292 129129 145145 151151 145145 000000 175178 179179 187205 235235 178193
Barrage , 118118 177177 181181 205207 226226 288288 126129 143145 153153 139139 199202 175187 182182 187205 238238 178193
Barrage , 118118 179179 181181 205209 222226 288290 126132 151157 153155 139145 199199 157187 176176 187205 238238 178178
Barrage , 118118 177179 181181 205209 226226 292294 126132 143143 153153 139145 199199 157175 176179 202223 235235 178178
Barrage , 118120 179181 181181 207207 226226 292294 129132 143145 151151 139145 199199 175175 176179 205223 238238 178181
Barrage , 118120 177179 181181 207207 226226 292292 129132 145147 153153 145145 199199 172187 176179 202205 238238 178181
Barrage , 118120 177183 181181 205207 226226 292292 129132 145145 151151 145147 202202 175175 179182 187205 235235 178178
Barrage , 118120 177177 181181 205209 226226 296302 126129 145145 151157 139139 199199 157175 176176 205205 238238 181184
Barrage , 118118 177179 181181 205207 222226 302302 129129 143145 151151 145145 187187 172175 179179 205205 235235 178181
Barrage , 120120 179179 181181 207207 226226 292292 126129 147147 153153 145145 196202 157187 173182 202202 238238 178181
Barrage , 120120 179179 181181 205207 226226 288292 132132 145145 151151 139145 202202 187187 179182 202205 238238 178184
Barrage , 120120 177179 181181 207207 226226 292296 129132 145147 151153 145145 199199 187187 173176 187202 238238 178184
Barrage , 120120 177183 181181 205207 224226 294294 126129 143143 151151 139145 199199 175175 176176 190205 238238 181193
Barrage , 120120 179179 181181 205207 226226 288302 129132 143145 151151 133145 199199 178187 176179 187208 238238 181184
Pop                 
Port_Alon , 118118 177177 153181 207211 226226 294302 120126 143145 153157 141145 199199 154172 176179 196205 232235 181181
Port_Alon , 118118 177179 153181 207207 226226 296302 126126 147149 157157 145145 199199 154189 176182 187193 232235 178181
Port_Alon , 118118 177179 175181 207207 222226 294296 120126 143149 157157 143145 199202 154172 179182 187187 238244 178181
Port_Alon , 118118 177179 175181 207207 222226 292294 126132 143149 151157 143145 190199 154172 176179 187199 238241 181181
Port_Alon , 118120 177179 175181 207207 222226 294294 129129 139143 151157 141143 190199 172187 170179 187199 232232 178181
Port_Alon , 118118 177177 153181 205207 223226 292294 126126 143143 159159 143145 190199 154172 170179 187223 241241 181181
Port_Alon , 118118 179179 153181 205207 224226 296298 126126 143143 157157 145147 190199 154154 179182 187193 238241 181187
Port_Alon , 118118 177177 175181 205205 226226 292294 120126 139143 157157 143143 190190 187187 170179 187199 238241 181181
Port_Alon , 118118 177179 153181 207207 226226 294296 129129 143149 153157 141145 199199 154189 170179 187193 232235 178181
Port_Alon , 118118 177179 175181 207207 226226 294296 126126 143149 157157 145145 199199 154172 179182 187187 232235 178181
Port_Alon , 118118 177179 153181 207207 226226 296302 120126 143145 155157 145145 199199 154189 170179 187193 232235 178181
Port_Alon , 118118 177179 153175 207207 222226 296296 126129 145145 157157 133133 190199 154172 179182 187202 232232 178181
Port_Alon , 118118 177177 175181 205205 222226 294302 126126 143145 151157 141141 202202 154187 170179 187196 232232 181181
Port_Alon , 118120 177177 175181 207207 226226 276302 120126 145145 157157 145145 199199 154187 176179 187187 232232 181181
Port_Alon , 118118 177177 175175 207211 222226 294294 126126 143145 157157 143145 199199 172187 176182 187187 235241 181181
Port_Alon , 118120 177179 153175 205211 226226 292294 120126 143143 155157 143145 199199 187189 170179 187193 232241 178178
Port_Alon , 118118 181181 175181 207211 222226 276294 126126 143145 155155 145145 199199 154187 179182 187193 232232 181181
Port_Alon , 118120 177179 153175 205211 226226 292294 120126 143143 155157 145145 199199 187189 170176 187193 232235 178178
Port_Alon , 118120 177179 153181 207211 226226 292294 120126 143145 155157 145147 199202 187189 170179 187193 235235 181181
Port_Alon , 118118 177177 175175 205205 226226 294296 126126 143145 155159 145145 190199 154187 170179 187193 235238 178181
Port_Alon , 118118 177177 181181 207211 226226 276294 126126 143145 157157 145145 196196 154187 179182 187193 232232 178181
Port_Alon , 118118 177179 153175 205215 226226 296322 126129 145145 157157 133137 196196 154172 176179 187202 232232 181193
Port_Alon , 118120 177179 153175 205211 224226 292294 120120 143143 155155 143143 199199 187189 170179 187193 232232 178187
Port_Alon , 118120 177177 153175 207207 226226 294294 126126 145145 157157 141141 199199 154189 176182 193193 232232 178193
Port_Alon , 118120 177177 153175 207207 226226 294294 126126 143145 157157 143145 199199 154189 170182 193193 232232 181181
Port_Alon , 118120 177179 153175 205205 226226 292294 120120 147149 155155 145147 199199 187189 170170 187193 235235 178178
Port_Alon , 118118 177177 175181 207207 226226 304312 126129 143149 157157 145147 199199 154187 170182 187187 232238 178181
Port_Alon , 118120 177179 153175 205211 226226 292294 120129 143145 155155 145145 199199 187189 170176 187193 235238 178178
Port_Alon , 118118 177177 181181 211211 226226 294302 120126 143145 153157 141141 199199 154172 179179 196205 232232 178181
Port_Alon , 118120 177177 175181 207211 226226 276302 126132 145145 157157 141145 199199 154187 179182 187187 232232 181193
Port_Alon , 118118 177179 153181 207207 226226 296302 120126 149155 157157 145145 190190 154189 170179 187193 232235 181181
Port_Alon , 118118 177179 153181 207207 222226 296302 129132 149149 153153 145145 190190 154189 176182 187193 232235 181181
Port_Alon , 118118 177177 153181 211211 226226 276302 126126 143143 157157 145145 199199 154172 179179 187193 232232 181181
Port_Alon , 118120 177179 153175 205211 222226 292294 120120 143145 155155 145145 199199 187189 170179 187193 232232 178178
Port_Alon , 118118 177177 181181 207207 226226 276294 129132 143145 157157 145145 199199 154187 170179 187193 229232 178181
Port_Alon , 118120 177179 153175 205211 226226 292294 120120 143145 155157 145145 199199 187189 170179 187193 238238 178181
Port_Alon , 118120 177179 175175 207207 226226 276296 126129 143145 157157 145145 199199 154184 170179 193226 232235 187187
Port_Alon , 118120 177179 153175 205211 226226 292294 126126 143145 159159 143147 199199 154172 170179 187193 232232 178205
Port_Alon , 118118 177177 153175 207207 226226 296314 126129 143143 157157 143143 199199 184187 170182 187187 232232 181181
Pop                 
Azur_Valouc , 118120 177177 175181 205207 226226 276302 126129 143143 153153 145147 199199 154172 170182 193205 235238 181181
Azur_Valouc , 118118 177177 153181 207213 224224 312314 129129 143143 153153 145147 196199 172172 170179 187193 232232 178178
Azur_Valouc , 118118 177179 153153 207207 226226 276294 126126 143153 153153 143145 196196 172187 170179 187205 232238 178178
Azur_Valouc , 118120 177177 153181 205205 226226 290294 129132 145155 157157 145147 199199 154175 170182 187193 229238 178181
Azur_Valouc , 118120 177177 175181 207211 226226 290302 120132 145155 157157 145147 199199 154175 170179 187193 229229 178178
Azur_Valouc , 118120 177179 175175 207207 226226 274292 129129 143145 157157 145145 202202 154187 170179 193211 232235 178181
Azur_Valouc , 118118 177177 153175 205215 226226 294304 120129 151155 157157 145145 199199 154187 182185 184196 232232 178181
Azur_Valouc , 118118 177177 153175 207207 226226 292294 126126 151155 153157 139145 196196 172184 170170 193208 232232 178184
Azur_Valouc , 118118 177177 175181 207207 224226 292294 129132 151153 157157 145145 199199 187187 179185 193205 235235 178178
Azur_Valouc , 118118 177177 153181 207207 226226 294302 126132 145149 153153 145145 199199 175187 173179 205217 238238 178181
Azur_Valouc , 118118 177177 175181 207207 226226 290302 129132 147149 153153 145145 196199 172184 170179 199211 238238 178178
Azur_Valouc , 118120 177177 153175 207207 226226 290292 126126 145155 153157 145147 199199 154172 170179 193205 232238 178181
Azur_Valouc , 118118 177179 153175 207207 226226 290294 120126 143155 157157 145147 199199 154172 170179 193205 232235 178178
Azur_Valouc , 118120 177179 175175 207211 226226 290306 120126 155155 157157 145145 199199 154154 170179 193193 232235 178184
Azur_Valouc , 118120 177177 175175 205211 226226 290294 126126 143143 157157 145145 199199 154172 170170 187187 235235 178181
Azur_Valouc , 118120 177177 153175 205211 224226 290302 126129 143155 157157 145145 190199 187189 170182 187211 232232 178178
Azur_Valouc , 118120 177177 175181 211211 226226 292294 126126 145145 153157 145145 199199 154154 170179 193211 232232 181181
Azur_Valouc , 118120 177177 153175 207207 226226 302304 126126 145145 153157 145147 199199 154172 170170 193193 232235 178178
Azur_Valouc , 118118 177177 153181 207207 224226 276294 126126 143155 157159 145147 199199 172175 170170 193205 235235 178181
Azur_Valouc , 118120 177177 153175 207207 226226 276294 126126 145155 153157 145147 199199 154172 170179 193193 232235 178181
Azur_Valouc , 118120 177179 153181 207207 226226 276294 126126 143155 157159 145147 199199 172175 170170 193205 235235 178181
Azur_Valouc , 118118 177177 153181 207207 226226 276294 126126 143155 157159 145147 199199 172175 170170 193205 235238 178181
Azur_Valouc , 118120 177177 153175 207207 224226 302304 126126 139145 153157 145147 199199 154172 170170 193193 232235 178178
Azur_Valouc , 118120 177177 153175 207207 226226 302304 126126 143145 153157 145147 196199 154172 170170 193193 232235 178187
Azur_Valouc , 118120 177177 175181 205207 226226 290294 126126 143145 159159 145147 196199 172187 170182 187205 235235 178181
Azur_Valouc , 118118 177177 175181 207207 226226 276292 126129 143153 157159 139145 196199 187187 185185 193205 235235 178181
Azur_Valouc , 118118 177177 175181 207207 224226 292292 129132 151153 157157 143145 199199 187187 179185 193205 235235 178178
Azur_Valouc , 118120 177177 153175 207207 226226 292294 132132 143145 157159 145147 199199 154187 179182 187205 235235 178181
Azur_Valouc , 118118 177179 153175 205207 226226 292294 120126 143145 155157 141145 199202 154187 170179 193205 232235 178181
Azur_Valouc , 118118 177179 175181 207207 226226 290292 126126 143149 153157 143145 199202 154172 170179 193205 238238 178181
Azur_Valouc , 118118 177179 153175 207207 226226 294294 120126 143145 153157 143145 199199 154172 170182 187193 229238 178181
Azur_Valouc , 118118 177177 153153 207213 226226 294314 129129 143143 159159 145145 196196 187187 170170 187211 235235 178181
Azur_Valouc , 118118 177183 153175 207207 226226 292294 126129 151155 153157 145147 196196 172184 170170 193193 232232 178184
Azur_Valouc , 118120 177179 153175 207207 224226 300302 129132 143155 153157 139145 196199 154187 170179 187193 232232 178181
Azur_Valouc , 118126 177183 175181 207207 226226 292294 129132 143155 157159 133147 196199 172175 170170 193205 235238 178181
Azur_Valouc , 118118 177179 153175 207211 226226 276292 129132 137155 155157 141145 199199 154187 179179 193205 241241 178181
Azur_Valouc , 118118 177179 153175 207211 226226 290292 120126 153155 155157 141145 199202 154154 179179 202205 235235 178181
Azur_Valouc , 118120 177179 153181 207207 226226 292302 126126 145151 153157 143145 199202 154175 170179 193205 232238 178181
Azur_Valouc , 118126 177179 175181 205205 226226 292304 126126 143155 151153 143145 199199 175187 170182 193205 238238 178181
Azur_Valouc , 118118 177179 175181 211211 226226 298302 126126 143145 159159 143145 199202 187187 179182 187193 223238 181184
Azur_Valouc , 118120 177179 153175 207207 222226 292304 126126 143145 153157 139145 196199 154172 170176 193193 232235 178181
Azur_Valouc , 118120 179183 153175 205207 226226 292294 129132 137143 155157 139145 196202 154187 170176 187193 232232 178181
Pop                 
Redonnes , 124126 183183 175181 205209 222226 292292 129132 143151 151157 133139 199202 154195 176179 196196 238238 181193
Redonnes , 118118 177179 153181 207207 226226 286292 126126 137137 155157 143147 199202 154195 176179 205226 238238 181193
Redonnes , 118126 177179 175181 207207 226226 290294 126126 143151 155155 143147 199202 175195 176176 217217 238238 181193
Redonnes , 118126 177179 181181 205205 226226 292302 126126 143145 155157 143143 199199 154175 179179 199205 238238 181193
Redonnes , 124126 177179 181181 205205 226226 292292 129129 143143 151161 133143 199199 175195 176176 205205 223238 181193
Redonnes , 124126 179183 181181 205207 226226 302302 129129 137143 151155 139143 199202 195195 176176 205205 223238 181193
Redonnes , 126126 179183 175181 205207 226226 292302 126129 143149 151155 133139 199202 154195 176176 205226 223238 181193
Redonnes , 118126 179183 181181 205205 226226 292302 126129 143155 155155 139139 199199 175195 176176 196226 223223 181193
Redonnes , 118118 177183 181181 205205 226226 292302 126126 137143 151155 133139 196199 175195 176176 187214 223238 181193
Redonnes , 124126 179179 181181 207207 226226 290292 126129 143151 155155 143143 190199 154195 176179 199202 223238 181193
Redonnes , 124126 179179 181181 205205 226226 290292 126132 143151 151155 143147 190199 175195 176179 196202 238238 181193
Redonnes , 118126 179183 181181 205207 226226 290292 126126 137143 151155 133147 196196 175195 176176 205226 238238 181181
Redonnes , 118118 177183 181181 205205 226226 290292 129129 137143 151155 133143 196199 175195 176176 187214 223238 181193
Redonnes , 118126 177179 181181 205205 226226 292302 129129 137143 151155 143147 196199 175195 176179 196226 235238 181193
Redonnes , 118118 177179 175181 205207 226226 290292 126129 137143 151155 139143 196202 175195 176176 196205 238238 178178
Redonnes , 118126 177179 181181 205207 222222 292302 126129 143143 155161 139143 199199 175195 170170 196226 235238 181181
Redonnes , 118126 179179 181181 205205 226226 292302 126126 149151 155161 143143 199202 175175 179179 199205 223238 181181
Redonnes , 118126 179179 181181 207207 226226 292292 126129 143151 155155 139143 199205 154175 176182 202226 223238 181193
Redonnes , 124126 179179 175181 205207 226226 290292 126129 143153 151155 139143 190202 175195 176176 202205 238238 181193
Redonnes , 124126 179179 175181 205207 226226 290292 126126 137143 151155 143147 196196 175195 176176 199202 238238 181193
Redonnes , 118126 177179 175181 205207 226226 292304 126126 137143 151155 139143 196196 175195 176176 202205 223238 181193
Redonnes , 118126 177179 175181 205207 226226 292302 126129 137143 151155 139143 196196 175195 176176 196205 223238 181181
Redonnes , 118126 177179 175181 205207 226226 292292 126129 137143 151155 139143 199202 175195 176176 196205 223238 181193
Redonnes , 118126 177179 181181 205205 226226 290292 126129 137137 155155 143147 199199 154195 176179 205226 238238 178178
Redonnes , 124126 179179 181181 205205 226226 292302 126129 137151 151155 139143 199202 175195 176179 196205 238238 181193
Redonnes , 118126 179179 175181 205207 226226 290290 126126 137143 151155 139143 190199 175195 176182 202226 223238 181193
Redonnes , 118126 179179 175181 205207 226226 292292 126129 143145 151155 139143 199199 175195 176176 202205 223238 184184
Redonnes , 118126 179183 175181 205207 226226 294294 126129 143149 151155 133139 196196 175195 176176 202226 223238 181193
Redonnes , 118126 177179 181181 205207 226226 290294 129132 137143 151155 133143 196202 172175 176179 196205 238241 181193
Redonnes , 118118 177179 181181 205205 226226 292294 126129 137143 155155 139143 199202 175175 176176 205226 223238 181193
Redonnes , 118126 177179 175181 205207 226226 292294 129129 137151 151155 139147 199202 154175 176179 202205 223238 181181
Redonnes , 124126 179179 175181 205207 226226 292294 129132 137153 151155 139143 199202 175195 176179 202205 238238 181181
Redonnes , 124126 179179 181181 205205 226226 292292 129129 143151 151151 139143 199202 175195 176179 196205 235238 181193
Redonnes , 118126 179179 175181 205207 226226 290302 126129 137143 151155 143145 196196 175195 176176 226229 223238 181193
Redonnes , 118126 179179 175181 205207 226226 292304 126126 137143 151155 139143 196196 175195 176176 202202 223238 193193
Redonnes , 118126 179183 181181 205207 226226 292302 126126 143145 151155 139143 199202 175195 176176 205226 223238 181193
Redonnes , 118126 177179 175181 207207 226226 292292 126129 137143 155155 133143 199202 154195 176176 205205 223238 181193
Redonnes , 118126 177179 181181 205207 226226 292302 126129 137143 155155 139143 199202 175195 176176 205226 223238 181193
Redonnes , 118126 177179 181181 205207 226226 290292 129132 137143 151155 143147 199202 175195 176182 199205 223238 181193
Redonnes , 118126 177179 175181 205207 224224 292294 126129 137143 155161 139143 199202 175195 176179 205226 235238 181193
Redonnes , 118126 177183 181181 205205 226226 292292 126129 137137 151151 143147 199202 175195 176179 226226 223238 181193
Redonnes , 118118 179179 175181 205205 226226 290292 126129 137143 151155 143143 190196 154175 176176 202226 223244 181193
Redonnes , 118126 177179 175175 205205 226226 292302 126132 137143 151155 143147 199202 175175 176176 196199 238238 181193
Redonnes , 124126 179179 175175 205205 226226 290292 126132 151153 151155 143143 196199 175195 176176 202205 238238 181181
Redonnes , 118118 177179 181181 205207 226226 292302 126129 137143 151155 139143 196199 175195 176182 196226 235238 181181
Redonnes , 118126 179183 181181 205207 226226 292302 126129 143149 151155 133139 199202 175195 176176 205226 223238 178181  