Data_416 liseron_20 pop               
SSR_CLA02, SSR_CLA16, SSR_CLA19, SSR_CLA22, SSR_CLA26, SSR_CLA35, SSR_CLA40, SSR_CLA43, SSR_CLA58, SSR_CLA70, SSR_CLA72, SSR_CLA82, SSR_CLA83, SSR_CLA91, SSR_CLA94, SSR_CLA96  
Pop                 
Leucate , 118118 179179 181181 205205 226226 290302 129129 143143 151151 139139 199199 175187 176176 184205 235238 181184
Leucate , 118120 177179 181181 211211 226226 292336 126129 139143 151157 133133 202202 175175 176176 187208 223238 181181
Leucate , 118118 179179 181181 205213 226226 292292 129132 139143 151151 143145 199202 172172 176179 208220 235238 181187
Leucate , 118118 177179 181181 209209 226226 286286 126129 143143 151151 139139 000000 178184 176176 187202 229235 181181
Leucate , 118120 177179 181181 000000 222226 288310 129129 143143 151161 139139 202202 154172 176176 187193 235235 181193
Leucate , 118120 177179 181181 209211 222222 288310 129129 143143 151161 139139 202202 154172 176176 187193 235235 181193
Leucate , 000000 177179 181181 000000 226226 000000 129129 139143 151151 139139 196199 000000 000000 000000 235235 000000
Leucate , 000000 177179 181181 000000 226226 292336 129129 139143 151151 139139 199199 000000 176188 187205 235235 181187
Leucate , 118118 177177 181181 000000 226226 288336 126129 000000 157157 000000 199202 175195 188200 202205 223235 000000
Leucate , 118126 177177 181181 207211 226226 310336 126126 143147 151151 125143 199202 175178 176197 187214 235235 181184
Leucate , 118120 177179 181181 213213 222222 288310 126129 137137 155155 125125 199199 154187 176176 202208 235235 181193
Leucate , 118126 177179 181181 205205 226226 292336 126129 143143 163163 133143 199199 172189 176176 205205 235235 178181
Leucate , 118120 177177 181181 205213 226226 286336 126129 139147 151157 139139 199202 172175 176188 187202 235235 181184
Leucate , 118118 177179 181181 205207 226226 288296 126129 143143 151151 139139 196199 175195 176179 202202 235238 178181
Leucate , 118118 177177 181181 207213 226226 288336 126129 139147 157157 133145 202202 175195 188200 202202 223235 181187
Leucate , 118120 177177 181181 205209 226226 310336 129132 143143 151151 139145 199202 178178 176179 205205 235235 181181
Pop                 
Lapalme , 118144 177179 181181 205207 226226 292310 126129 139143 161161 133143 199199 175175 176176 187202 238238 181181
Lapalme , 118120 177177 181181 209213 222222 292292 129129 143143 151151 145145 202202 175175 173176 202202 235235 181181
Lapalme , 118120 177177 181181 207207 226226 300300 129132 143143 151161 000000 202202 000000 176176 187223 238238 181181
Lapalme , 120120 177177 181181 205213 226226 292298 129129 143143 151151 133145 202202 175187 176179 202202 235238 181181
Lapalme , 118144 177181 181181 207207 226226 292298 132132 143143 151151 133147 199199 166175 176176 202202 235235 181184
Lapalme , 120144 177179 181181 207213 226226 292302 129132 143143 161161 143145 000000 172189 176182 187205 235238 181184
Lapalme , 118120 177179 181181 205207 226226 290292 129132 140143 151151 133145 202202 172187 173176 187202 235235 181184
Lapalme , 118120 177179 181181 209213 226226 292300 129132 143145 161161 133145 000000 166172 176176 202202 235235 184184
Lapalme , 118120 177177 181181 207207 226226 292308 129129 143143 161161 143143 199199 172175 176179 202214 235235 181184
Lapalme , 118118 177177 181181 207207 226226 290292 129132 143145 151161 133145 202202 163175 170179 202202 235238 181184
Lapalme , 118118 177179 175181 205209 226226 292292 129132 139145 151151 151151 203203 166166 170179 202214 235235 181181
Lapalme , 118118 179179 181181 205207 226226 308310 129132 139143 151151 141145 202202 175175 179182 187202 235235 181184
Lapalme , 118120 177177 181181 207207 226226 292298 129129 143145 151161 133145 187199 175175 176176 187205 235238 178181
Lapalme , 118140 177177 181181 207209 226226 292292 129129 143143 151161 143145 000000 157157 176182 205223 235235 181184
Lapalme , 114118 177177 181181 207209 226226 290290 126129 143143 151161 000000 199199 166175 176179 208214 235238 181184
Pop                 
Gruissan , 118118 177179 181181 207207 226226 288292 126132 145145 151151 145145 187199 172175 176176 187187 235235 184184
Gruissan , 118120 177177 181181 207213 226226 294294 120129 143143 151151 139145 199202 172172 179179 187226 235235 181181
Gruissan , 118118 177179 181181 209209 226226 290294 126132 139139 151151 139145 199199 175178 167176 187187 235235 181181
Gruissan , 118118 177177 181181 207211 226226 290290 126132 143145 151151 143145 000000 172175 176185 187202 235235 181181
Gruissan , 118118 177179 181181 207209 226226 294294 129132 145145 151151 139139 000000 175175 176185 187202 235235 181181
Gruissan , 118118 177177 181181 207209 226226 290294 120126 137137 151155 139145 202202 172175 176188 187187 235235 181184
Gruissan , 118118 179179 181181 207207 226226 282292 126132 143143 151151 145145 199199 172175 179185 187187 235235 181184
Gruissan , 118118 177179 181181 207211 226226 294296 120132 145145 151151 000000 187187 175175 179194 187202 235235 181181
Gruissan , 118118 177177 181181 207211 226226 294302 120120 137137 151151 139145 202202 172172 176179 187187 223235 181181
Gruissan , 118118 177179 181181 211211 226226 294302 120126 137145 151151 139145 199199 172172 176179 187202 223235 181181
Gruissan , 118118 179179 181181 207211 226226 294294 120126 137145 151151 139145 000000 172175 179194 187202 235235 181181
Gruissan , 118118 177179 181181 207209 226226 290292 120120 143143 151155 133139 202202 172175 185185 187187 235235 181184
Gruissan , 118118 177179 181181 207207 226226 292294 120129 137145 151157 145145 199202 172175 176179 187199 223235 181181
Gruissan , 118118 177179 181181 209209 226226 292294 132132 143143 155155 139145 199199 175175 176185 187187 235235 184187 