Data_416 liseron_20 pop               
SSR_CLA02, SSR_CLA16, SSR_CLA19, SSR_CLA22, SSR_CLA26, SSR_CLA35, SSR_CLA40, SSR_CLA43, SSR_CLA58, SSR_CLA70, SSR_CLA72, SSR_CLA82, SSR_CLA83, SSR_CLA91, SSR_CLA94, SSR_CLA96  
Pop                 
Ceyreste , 118120 177177 175181 207211 226226 302320 120126 143149 157157 147147 199199 154172 170182 193229 235235 178181
Ceyreste , 120120 177177 153175 207207 226226 292302 126126 143149 159159 147147 199199 172187 170182 187187 232232 178181
Ceyreste , 120120 177177 175181 207207 226226 292296 126126 143143 157157 147147 199199 187187 179182 193193 232232 181181
Ceyreste , 118118 177177 153175 205207 226226 298310 126126 143143 157157 145145 199199 154154 179182 187193 232232 178181
Ceyreste , 120120 177177 175181 207207 226226 292298 126129 143149 157157 145147 199199 154154 170170 187229 000000 178178
Ceyreste , 118118 177177 181181 207211 226226 294294 120126 143151 157157 145147 199199 172187 170182 211226 000000 178184
Ceyreste , 118118 177179 175175 207211 224224 292294 126129 143143 157157 145145 199199 154172 170170 187211 238238 178178
Ceyreste , 118118 177177 153175 207211 226226 292302 126126 143143 157159 145165 199202 154154 185185 211226 229235 181181
Ceyreste , 118120 177177 181181 207211 226226 296310 126129 149149 157157 145147 199199 154187 170185 193193 235235 178178
Ceyreste , 118120 177179 153181 207211 226226 296310 120126 143143 153157 145147 187199 187187 170182 193193 232232 181181
Ceyreste , 118120 177177 175175 211211 224224 306310 126129 143143 000000 141141 199199 172187 170179 193193 235238 181181
Ceyreste , 000000 177179 175181 207207 226226 000000 126126 000000 000000 000000 199199 000000 000000 205211 000000 000000
Ceyreste , 120120 177177 175181 205207 224226 276310 126126 143143 161161 145145 199199 154154 182182 193193 232232 178178
Ceyreste , 118120 177177 153175 211211 224224 292294 126126 143143 157157 145145 199199 154187 170170 193211 229238 178181
Pop                 
Castellet , 120120 177179 153175 211215 226226 292292 126126 143143 187187 145145 000000 175189 170182 187187 238238 205205
Castellet , 116116 177179 153181 211215 226226 294314 126129 143155 157157 145145 187199 178178 170179 193193 232232 178178
Castellet , 118118 177177 175175 207211 226226 294314 126126 145153 189189 145145 187187 187189 170170 187187 232232 184205
Castellet , 118120 177177 175175 207211 226226 294296 126126 145155 153157 125125 187214 154154 170182 193205 232232 178205
Castellet , 118120 177177 153181 215215 226226 294302 126126 143143 157161 125143 187217 178187 179182 187193 232232 178181
Castellet , 118118 177177 175175 207207 226226 292294 126129 143145 157157 165165 202214 187187 170170 187211 232232 178181
Castellet , 120120 177177 175175 207207 226226 294302 120129 145145 157157 125125 187187 187187 170179 187193 232232 178178
Castellet , 118118 177177 175181 211215 224226 294306 126126 143155 157157 125125 187214 154178 170182 187199 232232 178181
Castellet , 118118 177177 175175 207211 226226 302314 126126 145145 191191 145145 187214 172175 170170 193211 232232 193205
Castellet , 118118 177177 181181 211211 226226 292294 126129 145145 157157 145145 000000 154178 170179 193199 232232 178184
Castellet , 118120 177177 175175 205211 226226 302322 126129 145145 157157 125125 187214 187187 182182 187193 232232 178181
Castellet , 118118 177177 175181 207211 224226 294294 126129 149153 155157 141147 187214 178187 170170 187193 232232 178181
Castellet , 118118 177177 175175 211211 226226 276314 126129 143155 157157 145145 187187 187187 170179 205226 232232 178181
Castellet , 118118 177177 175175 205215 226226 294294 126126 155155 157157 145145 199199 154187 170179 187205 232232 178178
Castellet , 118120 177177 153175 213215 226226 296310 126129 143145 193193 145145 187187 154187 170179 193193 244244 178181
Castellet , 118120 177177 175181 211215 226226 294302 126126 145149 195195 145145 187187 172187 170179 193205 232232 178178
Castellet , 114114 177177 153175 211211 226226 302302 126129 145145 157157 145147 187187 187187 170179 193193 232232 178178
Castellet , 118120 177177 175175 211213 226226 302314 126126 143145 157157 145145 187199 178187 170179 187193 238244 178181
Castellet , 118118 177177 175181 211211 226226 292302 129129 143145 157157 147147 187187 178187 170182 193193 232232 178178
Castellet , 118118 177177 175181 211215 226226 292294 126126 145155 157157 125125 199199 178187 170179 193193 232238 178205
Castellet , 118118 177177 175175 205215 226226 294296 126126 143145 161161 145147 187187 154189 179182 193193 235238 178178
Castellet , 118118 177177 175181 211211 226226 292292 126126 149149 157157 145145 187217 178187 170179 193193 232232 178184
Castellet , 118118 177177 153181 211211 226226 298302 126126 143145 157157 145145 199199 187189 170170 193205 232232 178178
Castellet , 120120 177177 175175 211211 226226 276296 120126 143145 157157 145145 187187 187187 170179 187193 235238 181184
Castellet , 118118 177177 153175 207211 226226 292294 120126 145149 157157 145145 187187 154175 170179 193205 229229 178178
Castellet , 118118 177177 175175 211211 226226 294294 126129 152155 151151 125125 199199 154172 179182 193205 232238 181184
Castellet , 114114 177177 175175 211211 226226 294294 126126 145145 157157 145145 187187 154178 170182 193199 232232 178184
Castellet , 120120 177177 175181 207207 226226 292296 126126 143143 157157 145145 187187 154187 179182 193193 232232 181205
Castellet , 118118 177177 153181 207207 226226 294314 126129 145145 157157 145145 199199 178187 170182 193211 232232 178178
Castellet , 118120 177177 153175 211215 224224 276314 126126 143145 157157 147147 199199 187189 170179 187193 232235 178205
Castellet , 118118 177177 153181 207207 226226 276294 126126 143149 157157 145145 000000 178187 170170 205211 232232 178184
Pop                 
Port_Alon , 118118 177177 153181 207211 226226 294302 120126 143145 153157 141145 199199 154172 176179 196205 232235 181181
Port_Alon , 118118 177179 153181 207207 226226 296302 126126 147149 157157 145145 199199 154189 176182 187193 232235 178181
Port_Alon , 118118 177179 175181 207207 222226 294296 120126 143149 157157 143145 199202 154172 179182 187187 238244 178181
Port_Alon , 118118 177179 175181 207207 222226 292294 126132 143149 151157 143145 190199 154172 176179 187199 238241 181181
Port_Alon , 118120 177179 175181 207207 222226 294294 129129 139143 151157 141143 190199 172187 170179 187199 232232 178181
Port_Alon , 118118 177177 153181 205207 223226 292294 126126 143143 159159 143145 190199 154172 170179 187223 241241 181181
Port_Alon , 118118 179179 153181 205207 224226 296298 126126 143143 157157 145147 190199 154154 179182 187193 238241 181187
Port_Alon , 118118 177177 175181 205205 226226 292294 120126 139143 157157 143143 190190 187187 170179 187199 238241 181181
Port_Alon , 118118 177179 153181 207207 226226 294296 129129 143149 153157 141145 199199 154189 170179 187193 232235 178181
Port_Alon , 118118 177179 175181 207207 226226 294296 126126 143149 157157 145145 199199 154172 179182 187187 232235 178181
Port_Alon , 118118 177179 153181 207207 226226 296302 120126 143145 155157 145145 199199 154189 170179 187193 232235 178181
Port_Alon , 118118 177179 153175 207207 222226 296296 126129 145145 157157 133133 190199 154172 179182 187202 232232 178181
Port_Alon , 118118 177177 175181 205205 222226 294302 126126 143145 151157 141141 202202 154187 170179 187196 232232 181181
Port_Alon , 118120 177177 175181 207207 226226 276302 120126 145145 157157 145145 199199 154187 176179 187187 232232 181181
Port_Alon , 118118 177177 175175 207211 222226 294294 126126 143145 157157 143145 199199 172187 176182 187187 235241 181181
Port_Alon , 118120 177179 153175 205211 226226 292294 120126 143143 155157 143145 199199 187189 170179 187193 232241 178178
Port_Alon , 118118 181181 175181 207211 222226 276294 126126 143145 155155 145145 199199 154187 179182 187193 232232 181181
Port_Alon , 118120 177179 153175 205211 226226 292294 120126 143143 155157 145145 199199 187189 170176 187193 232235 178178
Port_Alon , 118120 177179 153181 207211 226226 292294 120126 143145 155157 145147 199202 187189 170179 187193 235235 181181
Port_Alon , 118118 177177 175175 205205 226226 294296 126126 143145 155159 145145 190199 154187 170179 187193 235238 178181
Port_Alon , 118118 177177 181181 207211 226226 276294 126126 143145 157157 145145 196196 154187 179182 187193 232232 178181
Port_Alon , 118118 177179 153175 205215 226226 296322 126129 145145 157157 133137 196196 154172 176179 187202 232232 181193
Port_Alon , 118120 177179 153175 205211 224226 292294 120120 143143 155155 143143 199199 187189 170179 187193 232232 178187
Port_Alon , 118120 177177 153175 207207 226226 294294 126126 145145 157157 141141 199199 154189 176182 193193 232232 178193
Port_Alon , 118120 177177 153175 207207 226226 294294 126126 143145 157157 143145 199199 154189 170182 193193 232232 181181
Port_Alon , 118120 177179 153175 205205 226226 292294 120120 147149 155155 145147 199199 187189 170170 187193 235235 178178
Port_Alon , 118118 177177 175181 207207 226226 304312 126129 143149 157157 145147 199199 154187 170182 187187 232238 178181
Port_Alon , 118120 177179 153175 205211 226226 292294 120129 143145 155155 145145 199199 187189 170176 187193 235238 178178
Port_Alon , 118118 177177 181181 211211 226226 294302 120126 143145 153157 141141 199199 154172 179179 196205 232232 178181
Port_Alon , 118120 177177 175181 207211 226226 276302 126132 145145 157157 141145 199199 154187 179182 187187 232232 181193
Port_Alon , 118118 177179 153181 207207 226226 296302 120126 149155 157157 145145 190190 154189 170179 187193 232235 181181
Port_Alon , 118118 177179 153181 207207 222226 296302 129132 149149 153153 145145 190190 154189 176182 187193 232235 181181
Port_Alon , 118118 177177 153181 211211 226226 276302 126126 143143 157157 145145 199199 154172 179179 187193 232232 181181
Port_Alon , 118120 177179 153175 205211 222226 292294 120120 143145 155155 145145 199199 187189 170179 187193 232232 178178
Port_Alon , 118118 177177 181181 207207 226226 276294 129132 143145 157157 145145 199199 154187 170179 187193 229232 178181
Port_Alon , 118120 177179 153175 205211 226226 292294 120120 143145 155157 145145 199199 187189 170179 187193 238238 178181
Port_Alon , 118120 177179 175175 207207 226226 276296 126129 143145 157157 145145 199199 154184 170179 193226 232235 187187
Port_Alon , 118120 177179 153175 205211 226226 292294 126126 143145 159159 143147 199199 154172 170179 187193 232232 178205
Port_Alon , 118118 177177 153175 207207 226226 296314 126129 143143 157157 143143 199199 184187 170182 187187 232232 181181
Pop                 
Azur_Valouc , 118120 177177 175181 205207 226226 276302 126129 143143 153153 145147 199199 154172 170182 193205 235238 181181
Azur_Valouc , 118118 177177 153181 207213 224224 312314 129129 143143 153153 145147 196199 172172 170179 187193 232232 178178
Azur_Valouc , 118118 177179 153153 207207 226226 276294 126126 143153 153153 143145 196196 172187 170179 187205 232238 178178
Azur_Valouc , 118120 177177 153181 205205 226226 290294 129132 145155 157157 145147 199199 154175 170182 187193 229238 178181
Azur_Valouc , 118120 177177 175181 207211 226226 290302 120132 145155 157157 145147 199199 154175 170179 187193 229229 178178
Azur_Valouc , 118120 177179 175175 207207 226226 274292 129129 143145 157157 145145 202202 154187 170179 193211 232235 178181
Azur_Valouc , 118118 177177 153175 205215 226226 294304 120129 151155 157157 145145 199199 154187 182185 184196 232232 178181
Azur_Valouc , 118118 177177 153175 207207 226226 292294 126126 151155 153157 139145 196196 172184 170170 193208 232232 178184
Azur_Valouc , 118118 177177 175181 207207 224226 292294 129132 151153 157157 145145 199199 187187 179185 193205 235235 178178
Azur_Valouc , 118118 177177 153181 207207 226226 294302 126132 145149 153153 145145 199199 175187 173179 205217 238238 178181
Azur_Valouc , 118118 177177 175181 207207 226226 290302 129132 147149 153153 145145 196199 172184 170179 199211 238238 178178
Azur_Valouc , 118120 177177 153175 207207 226226 290292 126126 145155 153157 145147 199199 154172 170179 193205 232238 178181
Azur_Valouc , 118118 177179 153175 207207 226226 290294 120126 143155 157157 145147 199199 154172 170179 193205 232235 178178
Azur_Valouc , 118120 177179 175175 207211 226226 290306 120126 155155 157157 145145 199199 154154 170179 193193 232235 178184
Azur_Valouc , 118120 177177 175175 205211 226226 290294 126126 143143 157157 145145 199199 154172 170170 187187 235235 178181
Azur_Valouc , 118120 177177 153175 205211 224226 290302 126129 143155 157157 145145 190199 187189 170182 187211 232232 178178
Azur_Valouc , 118120 177177 175181 211211 226226 292294 126126 145145 153157 145145 199199 154154 170179 193211 232232 181181
Azur_Valouc , 118120 177177 153175 207207 226226 302304 126126 145145 153157 145147 199199 154172 170170 193193 232235 178178
Azur_Valouc , 118118 177177 153181 207207 224226 276294 126126 143155 157159 145147 199199 172175 170170 193205 235235 178181
Azur_Valouc , 118120 177177 153175 207207 226226 276294 126126 145155 153157 145147 199199 154172 170179 193193 232235 178181
Azur_Valouc , 118120 177179 153181 207207 226226 276294 126126 143155 157159 145147 199199 172175 170170 193205 235235 178181
Azur_Valouc , 118118 177177 153181 207207 226226 276294 126126 143155 157159 145147 199199 172175 170170 193205 235238 178181
Azur_Valouc , 118120 177177 153175 207207 224226 302304 126126 139145 153157 145147 199199 154172 170170 193193 232235 178178
Azur_Valouc , 118120 177177 153175 207207 226226 302304 126126 143145 153157 145147 196199 154172 170170 193193 232235 178187
Azur_Valouc , 118120 177177 175181 205207 226226 290294 126126 143145 159159 145147 196199 172187 170182 187205 235235 178181
Azur_Valouc , 118118 177177 175181 207207 226226 276292 126129 143153 157159 139145 196199 187187 185185 193205 235235 178181
Azur_Valouc , 118118 177177 175181 207207 224226 292292 129132 151153 157157 143145 199199 187187 179185 193205 235235 178178
Azur_Valouc , 118120 177177 153175 207207 226226 292294 132132 143145 157159 145147 199199 154187 179182 187205 235235 178181
Azur_Valouc , 118118 177179 153175 205207 226226 292294 120126 143145 155157 141145 199202 154187 170179 193205 232235 178181
Azur_Valouc , 118118 177179 175181 207207 226226 290292 126126 143149 153157 143145 199202 154172 170179 193205 238238 178181
Azur_Valouc , 118118 177179 153175 207207 226226 294294 120126 143145 153157 143145 199199 154172 170182 187193 229238 178181
Azur_Valouc , 118118 177177 153153 207213 226226 294314 129129 143143 159159 145145 196196 187187 170170 187211 235235 178181
Azur_Valouc , 118118 177183 153175 207207 226226 292294 126129 151155 153157 145147 196196 172184 170170 193193 232232 178184
Azur_Valouc , 118120 177179 153175 207207 224226 300302 129132 143155 153157 139145 196199 154187 170179 187193 232232 178181
Azur_Valouc , 118126 177183 175181 207207 226226 292294 129132 143155 157159 133147 196199 172175 170170 193205 235238 178181
Azur_Valouc , 118118 177179 153175 207211 226226 276292 129132 137155 155157 141145 199199 154187 179179 193205 241241 178181
Azur_Valouc , 118118 177179 153175 207211 226226 290292 120126 153155 155157 141145 199202 154154 179179 202205 235235 178181
Azur_Valouc , 118120 177179 153181 207207 226226 292302 126126 145151 153157 143145 199202 154175 170179 193205 232238 178181
Azur_Valouc , 118126 177179 175181 205205 226226 292304 126126 143155 151153 143145 199199 175187 170182 193205 238238 178181
Azur_Valouc , 118118 177179 175181 211211 226226 298302 126126 143145 159159 143145 199202 187187 179182 187193 223238 181184
Azur_Valouc , 118120 177179 153175 207207 222226 292304 126126 143145 153157 139145 196199 154172 170176 193193 232235 178181
Azur_Valouc , 118120 179183 153175 205207 226226 292294 129132 137143 155157 139145 196202 154187 170176 187193 232232 178181
Pop                 
Redonnes , 124126 183183 175181 205209 222226 292292 129132 143151 151157 133139 199202 154195 176179 196196 238238 181193
Redonnes , 118118 177179 153181 207207 226226 286292 126126 137137 155157 143147 199202 154195 176179 205226 238238 181193
Redonnes , 118126 177179 175181 207207 226226 290294 126126 143151 155155 143147 199202 175195 176176 217217 238238 181193
Redonnes , 118126 177179 181181 205205 226226 292302 126126 143145 155157 143143 199199 154175 179179 199205 238238 181193
Redonnes , 124126 177179 181181 205205 226226 292292 129129 143143 151161 133143 199199 175195 176176 205205 223238 181193
Redonnes , 124126 179183 181181 205207 226226 302302 129129 137143 151155 139143 199202 195195 176176 205205 223238 181193
Redonnes , 126126 179183 175181 205207 226226 292302 126129 143149 151155 133139 199202 154195 176176 205226 223238 181193
Redonnes , 118126 179183 181181 205205 226226 292302 126129 143155 155155 139139 199199 175195 176176 196226 223223 181193
Redonnes , 118118 177183 181181 205205 226226 292302 126126 137143 151155 133139 196199 175195 176176 187214 223238 181193
Redonnes , 124126 179179 181181 207207 226226 290292 126129 143151 155155 143143 190199 154195 176179 199202 223238 181193
Redonnes , 124126 179179 181181 205205 226226 290292 126132 143151 151155 143147 190199 175195 176179 196202 238238 181193
Redonnes , 118126 179183 181181 205207 226226 290292 126126 137143 151155 133147 196196 175195 176176 205226 238238 181181
Redonnes , 118118 177183 181181 205205 226226 290292 129129 137143 151155 133143 196199 175195 176176 187214 223238 181193
Redonnes , 118126 177179 181181 205205 226226 292302 129129 137143 151155 143147 196199 175195 176179 196226 235238 181193
Redonnes , 118118 177179 175181 205207 226226 290292 126129 137143 151155 139143 196202 175195 176176 196205 238238 178178
Redonnes , 118126 177179 181181 205207 222222 292302 126129 143143 155161 139143 199199 175195 170170 196226 235238 181181
Redonnes , 118126 179179 181181 205205 226226 292302 126126 149151 155161 143143 199202 175175 179179 199205 223238 181181
Redonnes , 118126 179179 181181 207207 226226 292292 126129 143151 155155 139143 199205 154175 176182 202226 223238 181193
Redonnes , 124126 179179 175181 205207 226226 290292 126129 143153 151155 139143 190202 175195 176176 202205 238238 181193
Redonnes , 124126 179179 175181 205207 226226 290292 126126 137143 151155 143147 196196 175195 176176 199202 238238 181193
Redonnes , 118126 177179 175181 205207 226226 292304 126126 137143 151155 139143 196196 175195 176176 202205 223238 181193
Redonnes , 118126 177179 175181 205207 226226 292302 126129 137143 151155 139143 196196 175195 176176 196205 223238 181181
Redonnes , 118126 177179 175181 205207 226226 292292 126129 137143 151155 139143 199202 175195 176176 196205 223238 181193
Redonnes , 118126 177179 181181 205205 226226 290292 126129 137137 155155 143147 199199 154195 176179 205226 238238 178178
Redonnes , 124126 179179 181181 205205 226226 292302 126129 137151 151155 139143 199202 175195 176179 196205 238238 181193
Redonnes , 118126 179179 175181 205207 226226 290290 126126 137143 151155 139143 190199 175195 176182 202226 223238 181193
Redonnes , 118126 179179 175181 205207 226226 292292 126129 143145 151155 139143 199199 175195 176176 202205 223238 184184
Redonnes , 118126 179183 175181 205207 226226 294294 126129 143149 151155 133139 196196 175195 176176 202226 223238 181193
Redonnes , 118126 177179 181181 205207 226226 290294 129132 137143 151155 133143 196202 172175 176179 196205 238241 181193
Redonnes , 118118 177179 181181 205205 226226 292294 126129 137143 155155 139143 199202 175175 176176 205226 223238 181193
Redonnes , 118126 177179 175181 205207 226226 292294 129129 137151 151155 139147 199202 154175 176179 202205 223238 181181
Redonnes , 124126 179179 175181 205207 226226 292294 129132 137153 151155 139143 199202 175195 176179 202205 238238 181181
Redonnes , 124126 179179 181181 205205 226226 292292 129129 143151 151151 139143 199202 175195 176179 196205 235238 181193
Redonnes , 118126 179179 175181 205207 226226 290302 126129 137143 151155 143145 196196 175195 176176 226229 223238 181193
Redonnes , 118126 179179 175181 205207 226226 292304 126126 137143 151155 139143 196196 175195 176176 202202 223238 193193
Redonnes , 118126 179183 181181 205207 226226 292302 126126 143145 151155 139143 199202 175195 176176 205226 223238 181193
Redonnes , 118126 177179 175181 207207 226226 292292 126129 137143 155155 133143 199202 154195 176176 205205 223238 181193
Redonnes , 118126 177179 181181 205207 226226 292302 126129 137143 155155 139143 199202 175195 176176 205226 223238 181193
Redonnes , 118126 177179 181181 205207 226226 290292 129132 137143 151155 143147 199202 175195 176182 199205 223238 181193
Redonnes , 118126 177179 175181 205207 224224 292294 126129 137143 155161 139143 199202 175195 176179 205226 235238 181193
Redonnes , 118126 177183 181181 205205 226226 292292 126129 137137 151151 143147 199202 175195 176179 226226 223238 181193
Redonnes , 118118 179179 175181 205205 226226 290292 126129 137143 151155 143143 190196 154175 176176 202226 223244 181193
Redonnes , 118126 177179 175175 205205 226226 292302 126132 137143 151155 143147 199202 175175 176176 196199 238238 181193
Redonnes , 124126 179179 175175 205205 226226 290292 126132 151153 151155 143143 196199 175195 176176 202205 238238 181181
Redonnes , 118118 177179 181181 205207 226226 292302 126129 137143 151155 139143 196199 175195 176182 196226 235238 181181
Redonnes , 118126 179183 181181 205207 226226 292302 126129 143149 151155 133139 199202 175195 176176 205226 223238 178181  