Data_416 liseron_20 pop               
SSR_CLA02, SSR_CLA16, SSR_CLA19, SSR_CLA22, SSR_CLA26, SSR_CLA35, SSR_CLA40, SSR_CLA43, SSR_CLA58, SSR_CLA70, SSR_CLA72, SSR_CLA82, SSR_CLA83, SSR_CLA91, SSR_CLA94, SSR_CLA96  
Pop                 
Redonnes , 124126 183183 175181 205209 222226 292292 129132 143151 151157 133139 199202 154195 176179 196196 238238 181193
Redonnes , 118118 177179 153181 207207 226226 286292 126126 137137 155157 143147 199202 154195 176179 205226 238238 181193
Redonnes , 118126 177179 175181 207207 226226 290294 126126 143151 155155 143147 199202 175195 176176 217217 238238 181193
Redonnes , 118126 177179 181181 205205 226226 292302 126126 143145 155157 143143 199199 154175 179179 199205 238238 181193
Redonnes , 124126 177179 181181 205205 226226 292292 129129 143143 151161 133143 199199 175195 176176 205205 223238 181193
Redonnes , 124126 179183 181181 205207 226226 302302 129129 137143 151155 139143 199202 195195 176176 205205 223238 181193
Redonnes , 126126 179183 175181 205207 226226 292302 126129 143149 151155 133139 199202 154195 176176 205226 223238 181193
Redonnes , 118126 179183 181181 205205 226226 292302 126129 143155 155155 139139 199199 175195 176176 196226 223223 181193
Redonnes , 118118 177183 181181 205205 226226 292302 126126 137143 151155 133139 196199 175195 176176 187214 223238 181193
Redonnes , 124126 179179 181181 207207 226226 290292 126129 143151 155155 143143 190199 154195 176179 199202 223238 181193
Redonnes , 124126 179179 181181 205205 226226 290292 126132 143151 151155 143147 190199 175195 176179 196202 238238 181193
Redonnes , 118126 179183 181181 205207 226226 290292 126126 137143 151155 133147 196196 175195 176176 205226 238238 181181
Redonnes , 118118 177183 181181 205205 226226 290292 129129 137143 151155 133143 196199 175195 176176 187214 223238 181193
Redonnes , 118126 177179 181181 205205 226226 292302 129129 137143 151155 143147 196199 175195 176179 196226 235238 181193
Redonnes , 118118 177179 175181 205207 226226 290292 126129 137143 151155 139143 196202 175195 176176 196205 238238 178178
Redonnes , 118126 177179 181181 205207 222222 292302 126129 143143 155161 139143 199199 175195 170170 196226 235238 181181
Redonnes , 118126 179179 181181 205205 226226 292302 126126 149151 155161 143143 199202 175175 179179 199205 223238 181181
Redonnes , 118126 179179 181181 207207 226226 292292 126129 143151 155155 139143 199205 154175 176182 202226 223238 181193
Redonnes , 124126 179179 175181 205207 226226 290292 126129 143153 151155 139143 190202 175195 176176 202205 238238 181193
Redonnes , 124126 179179 175181 205207 226226 290292 126126 137143 151155 143147 196196 175195 176176 199202 238238 181193
Redonnes , 118126 177179 175181 205207 226226 292304 126126 137143 151155 139143 196196 175195 176176 202205 223238 181193
Redonnes , 118126 177179 175181 205207 226226 292302 126129 137143 151155 139143 196196 175195 176176 196205 223238 181181
Redonnes , 118126 177179 175181 205207 226226 292292 126129 137143 151155 139143 199202 175195 176176 196205 223238 181193
Redonnes , 118126 177179 181181 205205 226226 290292 126129 137137 155155 143147 199199 154195 176179 205226 238238 178178
Redonnes , 124126 179179 181181 205205 226226 292302 126129 137151 151155 139143 199202 175195 176179 196205 238238 181193
Redonnes , 118126 179179 175181 205207 226226 290290 126126 137143 151155 139143 190199 175195 176182 202226 223238 181193
Redonnes , 118126 179179 175181 205207 226226 292292 126129 143145 151155 139143 199199 175195 176176 202205 223238 184184
Redonnes , 118126 179183 175181 205207 226226 294294 126129 143149 151155 133139 196196 175195 176176 202226 223238 181193
Redonnes , 118126 177179 181181 205207 226226 290294 129132 137143 151155 133143 196202 172175 176179 196205 238241 181193
Redonnes , 118118 177179 181181 205205 226226 292294 126129 137143 155155 139143 199202 175175 176176 205226 223238 181193
Redonnes , 118126 177179 175181 205207 226226 292294 129129 137151 151155 139147 199202 154175 176179 202205 223238 181181
Redonnes , 124126 179179 175181 205207 226226 292294 129132 137153 151155 139143 199202 175195 176179 202205 238238 181181
Redonnes , 124126 179179 181181 205205 226226 292292 129129 143151 151151 139143 199202 175195 176179 196205 235238 181193
Redonnes , 118126 179179 175181 205207 226226 290302 126129 137143 151155 143145 196196 175195 176176 226229 223238 181193
Redonnes , 118126 179179 175181 205207 226226 292304 126126 137143 151155 139143 196196 175195 176176 202202 223238 193193
Redonnes , 118126 179183 181181 205207 226226 292302 126126 143145 151155 139143 199202 175195 176176 205226 223238 181193
Redonnes , 118126 177179 175181 207207 226226 292292 126129 137143 155155 133143 199202 154195 176176 205205 223238 181193
Redonnes , 118126 177179 181181 205207 226226 292302 126129 137143 155155 139143 199202 175195 176176 205226 223238 181193
Redonnes , 118126 177179 181181 205207 226226 290292 129132 137143 151155 143147 199202 175195 176182 199205 223238 181193
Redonnes , 118126 177179 175181 205207 224224 292294 126129 137143 155161 139143 199202 175195 176179 205226 235238 181193
Redonnes , 118126 177183 181181 205205 226226 292292 126129 137137 151151 143147 199202 175195 176179 226226 223238 181193
Redonnes , 118118 179179 175181 205205 226226 290292 126129 137143 151155 143143 190196 154175 176176 202226 223244 181193
Redonnes , 118126 177179 175175 205205 226226 292302 126132 137143 151155 143147 199202 175175 176176 196199 238238 181193
Redonnes , 124126 179179 175175 205205 226226 290292 126132 151153 151155 143143 196199 175195 176176 202205 238238 181181
Redonnes , 118118 177179 181181 205207 226226 292302 126129 137143 151155 139143 196199 175195 176182 196226 235238 181181
Redonnes , 118126 179183 181181 205207 226226 292302 126129 143149 151155 133139 199202 175195 176176 205226 223238 178181  
