Data_416 liseron_20 pop               
SSR_CLA02, SSR_CLA16, SSR_CLA19, SSR_CLA22, SSR_CLA26, SSR_CLA35, SSR_CLA40, SSR_CLA43, SSR_CLA58, SSR_CLA70, SSR_CLA72, SSR_CLA82, SSR_CLA83, SSR_CLA91, SSR_CLA94, SSR_CLA96  
Pop                 
Serra , 118118 177177 181181 205213 222226 288302 126126 137137 151151 145145 202202 172172 176185 202226 235235 181193
Serra , 118118 177179 181181 207213 226226 290292 126129 139139 151151 143145 199199 000000 176185 202214 235235 181181
Serra , 118118 177177 181181 205207 226226 292292 129129 145145 151151 145145 202202 000000 176185 205205 235235 181193
Serra , 118118 177177 181181 205213 222226 296302 129132 137143 151151 139143 202202 172172 179182 202205 235235 181181
Serra , 118118 177177 181181 205205 226226 302302 129132 152152 151151 145145 196199 172175 176179 202205 235235 184193
Serra , 118118 177179 181181 205205 222226 288290 126129 000000 151151 145145 202202 000000 179185 199205 238238 181193
Serra , 118140 177177 181181 205213 222226 302302 129129 143143 151151 143145 199202 166175 176182 199205 235235 181181
Serra , 118118 177179 181181 205205 226226 298302 126126 143143 151151 139143 202202 172178 179179 226226 223235 181193
Serra , 118118 177179 181181 205205 226226 294304 126129 143143 151151 139145 000000 172187 179179 193226 223235 181181
Serra , 118118 177177 181181 213213 226226 288302 129129 145145 151151 139139 199199 172172 176176 187205 235235 181181
Pop                 
Roja , 118118 177177 181181 205213 226226 296298 129129 152155 151151 145145 199199 175175 173182 187202 238241 181181
Roja , 118118 183183 181181 205205 226226 302302 126129 143143 151193 145145 187202 175175 182182 196202 235235 181181
Roja , 118120 177179 181181 207211 226226 290298 126132 139139 151151 143145 202202 172175 179185 187202 223238 181181
Roja , 118120 177183 175181 205211 222226 290302 126126 139139 151151 139145 202202 175178 176185 187229 238238 181181
Roja , 118120 177177 181181 205207 226226 290302 126129 140157 151151 133143 202202 175184 179182 187202 241241 181193
Roja , 118118 177177 181181 205207 226226 296302 129132 143143 157157 133145 199202 175175 179182 202205 241241 181193
Roja , 118118 177183 181181 207207 226226 296302 129129 000000 151151 133133 199199 172184 179182 187214 235235 181181
Roja , 118118 177183 181181 205207 222226 298302 126132 152152 193193 143145 202202 175175 173176 202205 238238 181181
Roja , 118120 177179 175181 205207 226226 292298 126129 139143 151151 145145 202202 175175 182182 187202 241241 181181
Roja , 118118 177179 181181 209211 222226 298310 129132 143143 151151 145145 202202 175175 176179 187205 238238 181181
Roja , 118118 177179 181181 207211 222226 298302 129129 143143 151151 000000 202202 166175 185185 205211 223235 181193
Roja , 118120 177177 175181 205207 224226 288298 129129 143143 151151 145145 202202 175178 176176 202205 235235 181181
Roja , 118118 177177 181181 205207 222226 290302 126126 152152 151151 145145 202202 175178 179182 202211 235235 181181
Roja , 118118 177183 181181 205205 224226 288298 126132 143143 193193 133133 199202 163175 182182 199229 235235 181184
Roja , 118118 177183 181181 207207 226226 292302 126129 152152 151151 133133 202202 175175 176185 199205 235235 181181
Roja , 120126 177183 181181 211211 224226 288294 129132 137139 151155 139143 190202 184189 176182 205217 235238 181181
Roja , 118120 177177 181181 205211 226226 290298 126129 147147 151151 141143 199202 175178 176179 205211 238238 181181
Roja , 118120 177179 175181 205207 222222 290302 129132 139143 151157 133141 199199 175178 179185 202202 235238 181181
Roja , 118118 177179 181181 211211 222226 290304 132132 143147 151151 145145 199199 175178 179182 202205 235235 181181
Roja , 118118 177177 181181 209211 226226 288292 129132 139139 151157 133143 199202 172178 176176 214220 238238 181181
Roja , 118118 177177 175181 209209 226226 288300 126132 139139 151157 133139 199202 172184 179182 205211 235238 181184
Roja , 118118 177179 181181 205209 222226 292304 129132 139143 151151 139145 202202 175178 176185 187205 235235 181181
Roja , 118120 177183 181181 207209 222226 290292 126129 139139 151151 139145 199202 175184 176176 187211 238244 181181
Roja , 118120 177183 181181 207207 226226 288302 129132 143143 151151 139143 199199 175178 176182 211217 235238 181181
Roja , 118118 177177 181181 209211 222226 298310 129129 137143 151151 139145 199202 163175 176179 187187 223238 181181
Roja , 118118 177177 181181 205211 226226 292302 126126 143143 151151 139143 199202 166175 176176 202205 238238 181181
Roja , 118118 177177 175181 211211 226226 288302 126132 143143 151151 139143 190199 175181 176176 202216 235235 181181
Roja , 118118 177177 181181 211211 226226 288292 129132 143143 151151 139143 205205 175181 176185 202205 235235 181181
Roja , 118118 177179 181181 207211 226226 292298 126132 139143 151151 143145 190202 172178 182185 196202 238238 181181
Roja , 118118 177179 181181 211211 226226 292292 129132 139143 151155 143145 199202 175175 176185 187205 238238 181181
Roja , 118118 177177 181181 205207 226226 290302 129129 143143 151151 145145 202202 172175 176185 187187 223235 181181
Roja , 120140 177177 181181 205209 222222 288296 126129 139139 151151 133133 199199 172178 176185 196202 238238 181181
Roja , 118120 177177 181181 205207 226226 286308 129129 139143 151151 143145 196199 178184 176182 187187 235238 181181
Pop                 
Conques , 120120 177177 181181 205207 226226 288298 126129 137145 151151 133133 000000 175187 176182 187208 238238 181193
Conques , 118120 179179 181181 205209 226226 288292 129129 145145 151155 143145 199211 181181 167176 211211 235235 181181
Conques , 120120 177179 175181 205207 226226 288296 129129 145145 151167 133133 202202 000000 179185 187202 235235 181181
Conques , 118118 177177 181181 207209 226226 292332 126129 143143 151151 143143 199199 154172 176185 187205 235235 181181
Conques , 118120 177179 181181 207213 226226 288298 126129 143145 151155 133145 202202 181181 167185 187211 238238 181181
Conques , 118120 177179 181181 205213 226226 288298 126129 145145 155167 000000 202202 175181 176185 199205 235235 181181
Conques , 118120 177179 181181 207213 226226 288298 126129 143145 151151 145145 202202 182182 176185 211211 235235 181187
Conques , 118118 177179 175181 205215 226226 288288 126129 143145 167167 143143 202202 175187 176185 187205 235235 181181
Pop                 
Alcai , 118118 179179 181181 207209 226226 294296 129129 139143 157157 143143 199202 172189 167188 214223 232235 178178
Alcai , 120126 179179 181181 207213 226226 290294 120129 143143 151157 133133 199199 172178 176185 190205 235235 181205
Alcai , 118118 177177 181181 205207 224224 288332 129129 139145 151151 133143 199202 172172 176176 205211 235235 193193
Alcai , 118118 177179 181181 205217 226226 288332 132132 143143 151163 139139 199199 187187 167185 199220 226235 181193
Alcai , 118118 177179 181181 207213 226226 294312 120129 139139 151151 143143 187226 154187 176182 202205 232235 181181
Alcai , 118118 177179 153181 205209 226226 294312 129129 143143 157157 133143 187202 172189 182182 205217 235235 178181
Alcai , 118118 177179 181181 207207 226226 294310 129132 137143 163163 133133 187202 157172 176176 193205 226229 178193
Alcai , 118118 177179 153181 205205 224224 292312 120129 139139 159159 143143 000000 172172 176176 205217 235235 181181
Alcai , 118118 177179 153181 209213 226226 310320 129129 139143 151151 143145 202202 172172 176185 202205 229235 178181
Alcai , 118118 179179 153181 205207 226226 294308 120120 139139 155157 133133 199202 172187 176176 205214 232235 193193
Alcai , 118120 177177 181181 207207 226226 000000 000000 143143 151155 133143 199199 172172 182185 205220 000000 178181
Alcai , 120126 177177 181181 209217 222226 294308 126129 145145 157157 143145 199199 172172 176185 186211 229235 181181
Alcai , 118118 177177 181181 207207 226226 288312 126129 139139 151151 143143 196196 154175 176176 205205 235235 181202
Alcai , 118124 179179 181181 207209 222222 294308 129132 143143 157157 143143 199202 157172 188188 190220 229235 178193
Alcai , 118118 177177 181181 205205 226226 294294 126129 139139 151151 125125 187199 172172 182185 187214 229235 178181
Alcai , 120120 177179 175181 207207 226226 292294 129129 137139 151151 143143 199199 172172 173182 190220 235238 193205
Alcai , 118118 177179 181181 205213 226226 288298 126129 143143 151151 143143 202202 172175 185185 186205 229229 181181
Alcai , 118120 179181 181181 213213 226226 300302 120129 143151 155155 133147 199199 178187 176182 187205 229235 181181
Alcai , 120120 177179 181181 207217 226226 292294 120132 139139 151161 143145 199202 157172 167179 190220 238238 178193
Alcai , 118118 177179 181181 207207 222226 290292 129132 139153 157157 143143 199199 172172 167182 205217 229235 178181
Alcai , 120120 177177 181181 213217 222226 308310 120129 139145 151155 133143 199202 172175 176176 193205 229235 178181
Alcai , 118118 177179 181181 207207 222222 292310 120129 143143 151155 133133 202202 172172 176179 187205 235235 181193
Alcai , 118118 177179 181181 205205 222226 310312 126129 139143 151151 143143 196199 172187 176176 217226 235235 181193
Alcai , 118118 177177 181181 207209 222226 290310 120129 139139 151163 143143 199199 172189 176182 190202 235238 181193
Alcai , 118118 179179 181181 205209 222226 294298 126132 139139 151155 133143 202202 175178 194194 186205 235238 178193
Alcai , 118118 177179 181181 207209 226226 294332 120129 137137 157157 143147 199199 172172 176176 187205 232235 178193
Alcai , 118120 177177 181181 205207 222226 294314 120132 147147 151151 145145 202202 157172 185185 202205 232235 181181
Alcai , 118120 179179 181181 207207 222226 292310 129132 143143 151151 143143 199199 175175 176182 205211 229235 193205
Alcai , 118118 177179 181181 207207 226226 290314 129129 139145 151151 143143 199199 172175 176176 187205 229241 178181
Alcai , 118118 177177 181181 205205 226226 292294 126129 141141 151151 133133 199202 172172 182185 187214 229235 178181
Alcai , 118118 179179 153181 205207 224224 294308 129129 139139 155157 133133 199202 172187 176176 205214 232235 181193  